2944
3549
3967
3549
3839
3549
3003
3549
3549
2935
4063
1919
3549
1911
3003
3549
3003
3838
4061
4063
3515
4059
3545
4027
1911
1911
3549
3823
2935
3003
3959
3007
3967
3549
4091
2039
3549
3007
3959
3966
3821
3515
3277
3007
1911
3071
2039
4095
4095
3822
4095
2047
2047
3547
3822
4078
3069
3071
4027
4079
2046
4031
2047
3549
3003
4059
3549
3583
4059
2047
3966
3822
3839
3966
3278
3003
3823
3551
3549
4094
2039
3549
3007
3515
3822
3967
3007
3967
1911
2047
3007
3549
4078
3007
2943
3959
3967
3823
3293
3821
3822
3067
3071
4087
3822
3549
4094
3067
3549
3548
3483
4078
3549
3547
4078
4079
3003
2934
2047
3069
4095
3551
3071
3071
3839
3959
3003
1911
3007
3071
3003
3515
2047
4079
3549
3822
3003
3067
3959
3549
4087
2935
3549
4087
3549
4095
3515
3822
4087
2047
3007
2039
3959
3003
3007
4095
3533
3959
3549
3003
3003
4095
3822
3549
3822
4027
3959
3293
3549
3003
1911
3293
3550
4093
3003
3822
3003
4091
3007
3805
3035
3839
2047
3549
3547
3293
3003
2047
3959
4031
1911
4091
4095
3549
3003
3549
4094
3037
3037
3549
3067
4027
3549
4027
1911
3007
3515
4095
3822
3959
4091
3839
3822
3533
4093
3003
3532
3550
3548
3515
3007
4061
4095
3967
3549
4027
3822
3839
2047
3003
3959
3959
4078
3515
3549
3959
3547
2047
3277
4027
4031
3959
2047
3822
3551
4093
3549
4027
4095
1919
4094
2030
3547
3822
3837
3549
2046
4031
3549
3822
3549
3549
4094
3549
2047
1919
3545
3839
3003
3967
3003
4095
3551
2039
4027
1911
4091
3292
3549
3485
3003
2030
3003
3822
3967
3549
3483
4095
4087
3822
4027
3003
3967
3805
3549
2047
3566
3822
4027
4061
2047
3007
4027
4095
3579
4095
3003
3549
3823
4031
3959
3959
2046
2047
3515
3959
3071
4095
4091
3003
4095
4091
3003
3063
3838
1919
3039
3549
4091
2935
1919
3967
3966
3003
3003
4079
3515
3549
2046
3003
3822
1919
4087
4095
4087
4061
2047
3549
3548
4087
1911
3515
1911
3966
3821
2047
3515
4087
3548
3823
3071
3549
2047
3003
3966
1919
3822
3547
3003
3822
3003
3959
1918
4095
3959
2043
3823
3822
3003
1919
2047
3007
3549
3821
2047
3003
4027
3035
3513
3063
4027
3533
3549
3067
3533
3551
4087
3549
3547
3071
1911
3549
3821
3959
1919
3959
3959
3549
4027
3967
4094
3003
3959
3549
3293
3549
1911
3067
3822
3276
3003
2047
1911
4078
3549
4027
3822
2047
4078
3007
2047
3003
3822
3003
3549
1911
4027
3967
3581
3549
3003
4027
3003
2047
3545
3959
3549
3293
1911
1911
2039
3067
3549
3959
1918
3967
3549
2047
3515
3959
3532
3003
3959
3823
3959
3549
3003
4095
4094
4094
3003
3003
3967
3821
3003
3549
4061
1911
4095
3549
3822
3823
3549
3545
4087
3549
2030
3549
4027
3959
3549
1919
3548
3967
3003
3485
3822
3579
3958
4094
1919
3007
3823
1911
2046
3823
3823
1919
3003
3822
3071
3003
2039
3003
1911
4027
4091
3003
3959
3067
4027
4087
3003
4095
3003
3549
3007
3549
2039
1911
3276
4095
4091
3549
3838
4079
3003
2031
1911
3549
3003
3959
3003
3822
3549
3276
3549
3822
3549
3822
4091
4087
3533
1911
4087
4095
3959
3967
3003
3481
2047
3579
1919
4027
3035
4087
3549
3549
4078
3003
4091
3839
3071
3549
3550
3007
3822
3838
3549
3549
3549
3967
1919
4031
3959
3003
2039
3063
4027
3549
3822
4061
3534
3821
3822
3959
3003
3822
3967
3276
4087
3003
4061
3547
3823
4093
3837
3549
3822
3067
3966
3549
3071
3805
3967
3959
3532
3071
4027
3515
3003
3958
3003
3822
1911
3822
3823
4078
4087
3549
2039
3003
3067
3069
3822
3823
3839
3515
3071
1911
2973
4063
1911
4095
4061
4027
3822
3549
4094
2999
4027
3549
3549
3513
4061
3959
3063
1911
3959
3967
3549
3532
4094
3822
3069
3959
3003
3292
3549
3951
1911
3003
4095
3007
1911
3063
3549
3822
3822
4078
3037
3003
3532
3967
3515
3069
3039
3959
3067
3966
3959
3549
4094
2047
3549
1911
1911
3549
3549
3959
3959
2047
3822
3549
3003
3549
3959
4087
3806
3003
3548
4078
3837
2047
2047
3003
3966
3958
3549
3822
3071
3549
3959
3549
3545
1919
1919
3823
4031
4061
3549
4027
3007
3549
3805
3547
4079
3549
2039
3822
3003
2031
3549
3549
3549
4087
3549
3822
2039
4087
3308
3549
3037
3003
2047
3549
3035
3003
1919
3003
3005
2047
3532
3003
2039
3515
4093
3548
3822
3823
3549
4027
1911
3003
3823
4091
3037
3549
3007
3822
2031
3549
3003
3839
3003
3063
4095
3549
1911
4061
3003
3967
3959
4061
3822
4087
2047
3822
2031
4087
2047
1911
3822
3549
2047
3549
3003
3067
3549
3549
2039
3003
3547
3823
4094
4094
4095
2047
3003
3549
1919
3549
4027
3007
3547
3547
2047
4095
3007
3007
3549
2047
3549
3549
3481
3549
4027
3822
4027
3549
3003
1919
3823
3579
3807
3822
3003
3515
4087
3581
3822
3967
1911
3548
1911
3549
2047
4087
3822
2043
3549
3959
3959
3549
3805
3007
3967
3547
4091
3549
3003
3822
3823
3579
3003
4059
4087
3549
3515
3838
3483
3003
4087
4087
1919
3805
4094
3822
3548
3547
3549
3549
3549
2999
3839
3549
3822
3822
4031
4061
3958
4027
3822
4027
3533
3822
1919
4061
3822
3003
3822
3071
3003
3003
3967
4091
3549
4095
3003
3549
3003
3003
4087
3959
4087
2047
3003
3579
2047
3959
3485
3515
4091
3967
3515
3959
3003
3966
3549
3822
3822
4078
3549
3549
3959
3549
4091
3967
4031
3822
3549
3822
3548
3003
3822
3549
3548
3071
3003
3276
3007
3003
3549
3003
3966
3515
3950
3003
3959
4031
4087
3003
3007
3959
3549
3533
3967
4027
3549
4027
2046
3958
3822
3007
3515
3549
3003
3548
2935
4095
3823
3997
3003
4027
4078
3549
3003
3579
4087
3822
3063
4027
3959
3549
3293
3549
4078
3822
3549
3515
2047
3548
3071
3822
3959
3533
3549
4027
1919
3839
2039
3823
3959
3003
4079
3549
3003
3959
4031
3007
4078
4027
3003
3823
2039
3067
3959
2047
2047
1918
2039
3548
3549
3967
3822
3003
3822
3959
3003
3483
3822
3549
4078
3071
1911
3278
4027
4027
3063
4091
3515
4087
4095
3549
2046
3959
4078
3035
3483
4095
3966
3547
3839
3549
3485
3549
3551
3003
3003
3822
3007
4095
3967
4027
3549
3517
3959
2047
2047
3071
3959
4023
4027
1919
3959
3822
4078
3822
3822
3822
3063
3549
3822
3967
3007
3822
3277
3822
1919
3003
3839
3515
4027
3959
4095
3967
3547
3533
3007
3823
4027
3549
3277
3515
3003
3071
3549
3063
4031
3071
4087
3549
4095
3003
2047
4095
3822
4087
2047
3822
3549
3063
2047
3549
3549
3549
3071
3959
4078
3549
3549
3067
3967
3483
4027
3003
3549
2039
3003
3549
3967
3003
1911
3067
3549
3549
3549
3003
3837
3959
3822
3007
3549
3003
2047
3003
3549
4031
3805
1919
4094
2047
3003
4087
3838
3959
3003
3549
3071
3547
3579
3549
3549
1911
3966
3549
3549
3959
3549
4095
2047
3549
4078
3067
3549
3515
3003
3959
3959
3071
3549
3003
4078
3549
3967
4095
3959
3822
1911
1919
3549
3549
3823
4078
3071
1919
3037
4095
3959
3071
3071
3823
3967
3003
3003
2047
3007
3003
1911
4095
3007
3005
3549
1911
3545
3035
3959
4078
3515
3549
3549
3959
1919
3549
2039
3003
3805
3822
4061
2039
4027
3003
3583
3003
1911
4095
4095
3549
3067
3549
3549
3549
2039
3549
3822
3823
3839
4087
3003
3549
3822
4091
3515
3549
3967
3822
3579
3515
3293
3003
3822
3959
3821
3959
3822
3549
3823
3003
3549
3823
4087
3007
3515
3003
3549
3549
3549
3959
3958
3548
3549
3823
3549
3007
3822
1919
3822
3071
3549
4094
3821
3003
4093
3003
2047
3037
3822
3959
3276
3063
3967
3515
3823
2047
3515
4061
3003
3515
3519
3959
3515
2047
4078
3003
3277
3003
3959
3548
3822
3550
4027
3959
3579
3533
3547
3581
3003
3966
3515
3967
3549
3037
3823
3549
3579
4078
3822
4027
3515
4059
3545
3822
3822
3515
4091
3547
3822
3549
2039
3003
3549
3003
3959
3549
3005
3549
4093
3483
3822
2047
2047
3003
3545
3549
4095
3967
2047
4031
4095
3822
1911
3003
3550
2047
3951
3063
3551
3515
3805
3483
3549
4087
3549
3003
3548
3549
4027
2039
1919
2047
2047
3967
4059
4079
4095
3839
3481
3549
3549
3533
3822
3545
4087
3547
3822
3822
3293
3003
3959
3967
3549
3549
3549
3003
3548
3549
3967
3532
3003
3959
2047
3959
3276
3549
3822
3067
3547
4095
4078
4095
3822
1911
3548
3515
4087
3549
3838
3532
3839
3515
3515
3959
3549
3003
3837
4087
3005
2039
3003
3549
3822
3959
3822
1911
3003
3549
3485
3967
4061
3959
2047
3549
4091
2039
1911
3549
3959
1911
3007
4093
1919
3959
3549
3007
1911
1919
3549
3550
3547
3063
3003
3959
3532
3545
3549
3003
3007
3069
3823
3007
4027
3549
4087
4027
4031
3565
3549
4027
3549
3822
3003
4023
4091
4091
3549
3579
4027
3967
4027
3549
4095
3003
3549
3822
3549
2047
3549
3822
3003
3003
1911
3823
4027
3547
2935
3007
3967
4087
3547
3515
3071
2047
3549
4087
3838
3822
4061
1919
3037
3959
3822
2031
3549
3551
2047
3067
4031
3967
3519
3549
4091
3549
3823
4087
3959
3822
4078
3823
1911
3293
2047
3822
3959
3277
3003
3806
3839
4078
3003
3551
3003
3967
3823
3549
3003
3549
2047
1911
3822
3549
4023
4061
3007
4087
3067
3003
3579
3822
2047
3549
3822
3003
3967
3822
3549
3007
3549
3549
3805
3533
2999
3549
4062
3003
3003
3822
1911
3549
3823
2999
4087
3549
4061
3822
3071
4095
3276
3515
3549
4078
3003
4061
4095
3959
3003
4078
3549
3513
4094
3067
3822
3959
4031
4063
2039
3958
3959
3551
3037
3003
3822
3805
3549
3293
3481
3822
3549
3967
3071
3549
3278
3959
3276
3545
3549
3959
4027
3959
4079
3003
3549
1911
4095
3007
3838
4087
3517
3069
3003
3532
4078
3532
3579
3822
3966
3839
3003
2047
3003
3579
3959
3533
3549
3003
1911
1911
3959
4087
3822
3003
4094
3292
3959
2047
1911
1919
3822
3549
3967
3549
3548
1919
2047
3549
3532
1911
4027
4087
1919
4061
3003
3007
1919
4031
4087
4095
4027
3959
3007
4091
3967
3037
4078
4095
3549
3959
3549
3549
3003
3549
3967
3967
3007
4095
3037
3549
3966
3007
3549
3549
3003
1919
3551
3547
3579
3967
3003
3959
3822
4087
3007
3967
3003
3549
3959
4059
4059
1919
3547
4095
3276
3003
3822
3549
3003
3003
4027
3549
3003
3063
2031
3550
3959
4027
4095
3007
3547
4031
3063
4094
3003
3807
1911
3959
3293
4095
3551
3823
4095
3515
3822
3277
3549
3565
3822
3003
4091
3515
3839
3003
3549
3959
3003
4078
3549
3822
3549
3532
2491
1911
3549
3823
2935
3063
3549
3549
3481
3967
3838
4095
3003
3003
3822
4095
3839
3822
3822
3071
4095
4095
3039
3549
3959
3007
3548
3549
3822
1919
3549
3003
4031
3822
3063
3822
3551
3966
4023
1919
3547
3003
3549
3822
3003
3822
3822
4087
3549
3071
3959
3007
3007
3822
4027
2039
3959
3547
1911
3003
3071
1919
1919
2047
3517
3533
3822
3958
4061
4095
1919
4079
3276
3838
3959
3003
3532
3549
4027
4087
3003
3007
4059
3822
3549
3805
4087
4095
3959
4087
4078
3071
3513
3805
1919
4095
3549
3549
3513
4027
3003
3549
3822
3549
3003
3823
3959
1911
2047
4027
3003
3003
3515
3549
1919
3533
4027
4091
3550
4095
3959
3532
3549
4027
3517
2999
3822
3822
3549
3822
4095
3037
4031
2046
3549
1911
3003
4094
3821
4095
4091
3515
3967
3037
3967
1919
4078
4027
2039
3839
3063
4027
3037
4095
3003
3822
3822
3549
2047
3545
4095
3549
3071
4093
4027
3822
3292
3549
3549
3007
3959
3003
4093
3548
3007
3278
3515
3549
3483
4079
4087
3007
3547
2047
3549
4079
3966
3003
4027
3823
3003
3549
3549
3003
3003
1911
3277
3534
3959
4027
2039
4078
1919
4079
3481
3959
1918
3003
3534
3003
3967
2047
3549
4031
3549
3003
3549
3308
3534
4095
3549
4027
3063
4095
3515
3003
4095
3063
3003
3071
3822
4095
4031
3959
3003
3838
3822
4025
3838
3549
3549
3293
3959
3310
3959
3549
4027
3534
3003
3003
2046
3533
4095
3547
3549
3583
3839
3822
3003
3003
4061
3515
1919
1911
3959
2047
1919
2999
3823
3037
2039
4078
3513
3549
4031
3549
3003
3959
4095
3549
4095
4027
4094
4095
3549
4095
4078
3483
3822
4027
3549
3822
3823
1911
3549
3003
3007
1919
3822
3533
3959
3959
3067
3822
3822
3959
3959
2047
3549
3534
4091
3003
3822
3549
1911
3549
1911
4087
3547
3959
4027
3822
3071
3003
1919
3822
3007
2047
4091
3822
4061
3549
3534
2039
3003
4091
3549
4078
3959
3579
3276
3839
3513
4087
3003
3037
3822
1911
3822
2046
3003
1919
3483
3548
3822
3003
2039
3515
3003
4063
3823
4087
3549
4087
3071
3533
1911
4031
2039
4095
3515
3549
3967
3581
4078
3071
2047
3549
3839
4027
3550
3310
3822
2971
3063
3821
3581
4095
3959
3549
3959
3549
3822
3003
3003
4061
3293
1911
3967
3071
3532
2047
3069
3003
2039
4094
3822
3549
3823
3003
2047
3037
3067
3959
4087
3067
2046
3838
3549
2039
3549
3293
4095
3823
3515
3039
3007
3003
3003
1919
3822
3967
4095
3003
1911
3483
3003
4094
3067
3549
4023
4027
3549
1919
3549
3822
3959
3838
3007
4027
3003
3003
3839
3547
2047
4095
3822
4095
3545
3549
4095
3292
3822
3823
3959
3067
3071
4061
3071
4091
4095
2935
3003
3063
3822
4027
2047
3822
1911
4093
3959
4094
1918
3547
3823
3549
3007
4091
3549
1919
3549
3003
1911
3071
3549
3959
4095
3003
4079
3549
3547
1911
3007
3532
3003
4031
4091
3551
4087
3822
1911
3071
1911
3276
3549
4095
3822
3003
1911
3037
3071
3003
3069
3823
3839
3071
4091
3549
3823
3067
3515
3551
3037
3959
3805
3549
4095
3003
3822
4023
4087
3515
3549
2039
3822
3959
3959
4027
3005
3071
3007
4031
3003
4078
3549
3071
4027
3551
3067
3549
3822
3548
3959
2047
3547
4027
1911
4095
3549
4087
4095
3967
3839
3822
3549
1911
4087
1919
3549
3959
3822
4091
3549
4087
3959
3547
3003
3547
3276
3548
3805
3549
3822
3959
3549
3549
3959
3483
3838
3549
3822
3839
3549
3959
4087
3515
3071
3959
3003
4087
3007
3003
3549
3276
3547
2030
1919
3549
4087
3822
3549
3003
3822
4095
3549
3071
3071
3071
3549
4027
3822
3549
3550
3293
2039
2047
3805
3067
3549
3959
4079
3549
4095
3549
3822
3549
1919
3967
3959
3071
4087
3995
4095
3003
3071
3003
3003
4027
3003
4027
3959
3547
4079
1919
3293
3003
3067
4094
3549
3545
3565
4062
3822
4087
3959
2047
3967
3822
3822
3534
4095
2047
3549
3003
3822
3549
4027
3822
1911
3003
3549
3549
3823
4087
3549
4095
3549
1911
4091
3967
3549
3822
3822
3067
4061
3549
3549
2047
3003
4063
4027
3039
4091
3549
1919
3822
3822
3003
3549
4091
3549
3533
2047
3967
4027
3532
3822
3003
3003
3003
3003
3003
4031
3003
3513
3549
3549
3548
3822
3549
3549
2999
3071
3003
4027
3822
3549
3003
4087
4061
3822
1911
3549
3549
4027
4087
4095
3003
3549
4023
3547
3823
4087
3293
3003
3967
4087
3549
3549
3822
2047
3959
3837
3532
3515
4094
3003
3549
3549
1919
3003
3071
3549
3581
4027
3959
3822
4078
2039
3003
4027
3545
4095
3959
4087
3822
4095
3550
4031
3959
3003
3966
3822
2047
3549
2935
3533
4087
3822
4095
2047
4095
4078
3549
1919
3959
3566
3822
1911
3035
3805
3549
3310
1919
4059
4027
1911
2047
2047
3839
3481
3549
1919
3003
4027
3822
3959
2047
3549
3822
3549
2047
1911
3003
3959
3003
3003
4078
3003
3967
3549
3071
3549
3822
3037
4027
4027
4095
3003
3823
3545
2047
2030
3822
3959
4095
1919
3551
4031
1911
1919
3822
3545
1919
3545
3822
3548
3822
4095
3003
3838
3822
3959
3549
3545
3839
3549
3822
3039
3533
2047
2039
4078
2047
2047
3547
3549
4087
3822
3838
3959
2047
3515
3007
3071
3549
3067
3035
1919
1911
3007
2039
3549
3278
3997
3822
3549
3550
3837
4087
3549
3515
3003
3071
3823
3003
3550
3551
4093
3003
2039
3003
3549
3278
3549
1919
3549
3966
3959
3515
3549
4091
3967
3003
1911
4061
3837
3967
3003
3003
2047
3823
3003
2047
3483
3515
3549
3003
3549
3515
4087
3067
2039
4091
3959
3549
4095
1919
3547
3063
1919
4063
3515
3838
3517
4087
3071
3549
3549
3007
1911
3481
4095
3007
3959
3547
3967
3823
4087
3549
2047
2973
3549
3071
2047
3549
3549
4031
2039
3485
3839
3959
4027
2047
3548
3039
3959
3067
3289
3003
3003
3551
1919
3007
3822
3549
3007
2047
4027
3548
3549
1919
3003
2047
4031
3549
3821
3533
3839
3549
3547
3822
3549
3515
3071
2039
3823
3545
3515
4087
1918
3822
3822
1911
3822
3293
3550
3821
3545
3823
2489
3003
4027
4093
3549
4027
3822
4095
1919
3822
3822
3839
3547
3959
3276
3822
1919
3547
3549
3545
4079
3822
4078
4087
2047
3549
2047
4087
3823
3959
3549
1919
3822
3003
3822
4087
3839
3063
3822
3007
4095
3549
3549
3003
3822
3549
3967
3547
3067
3067
3823
3003
2031
3003
3959
3959
3003
3966
3003
3003
3967
3549
4027
4087
3037
3549
4078
3549
3959
3534
3071
4027
2047
1919
3959
3549
3822
3007
3549
3515
3549
3966
4095
4087
3549
2039
3822
3822
3549
3548
3549
3822
4091
3067
4061
4087
2047
3959
3549
3293
3515
3003
3276
3276
3549
4061
4078
3547
3805
3548
3822
2039
4091
3551
3549
3532
3822
3003
2047
4027
3579
4078
4061
4061
3549
3822
3549
3003
2031
3823
3549
3003
3549
3839
4027
3003
3067
3549
4087
3822
3550
3037
3003
3839
3549
3822
3549
4027
3549
3549
3007
3003
3805
4027
3007
3549
3007
3549
4091
4059
3966
4094
3549
3276
3839
3071
4059
3549
3071
3515
3007
3548
3822
3549
3003
3579
4087
3007
3548
3839
4091
3822
4078
3549
3822
3485
1911
3548
4087
3549
3959
4087
3003
2047
1919
3003
3003
4087
3549
1919
3579
3003
3549
4031
2039
3549
3293
4027
3549
3549
4027
3007
4023
3822
1919
4087
3549
3067
4087
3003
3959
3549
4087
4095
3959
3549
3007
1918
3967
3822
3547
3007
3959
3966
3805
3959
4094
3003
3823
2031
3959
3515
3959
3003
3822
3003
3822
4027
3003
3515
1919
4091
3579
3549
1911
1919
3533
2935
3822
4091
3967
4061
3549
1919
3071
3549
3822
3515
3547
3549
3822
3534
3003
3822
4031
4087
3003
2047
1919
3549
3003
3003
2047
3822
3003
3003
4027
3515
2047
3549
3839
4094
3549
3003
4059
3548
3549
3549
1911
3515
3549
3003
3067
4095
3548
1919
3823
3292
2999
3037
3959
4095
3579
3823
3063
1911
3822
2999
3549
3007
3549
3959
4027
3071
3003
3549
3959
3549
3549
4079
3549
3549
2047
3822
3839
4078
3959
3003
4095
3549
3549
3071
2047
3071
3003
3003
3545
2047
2047
3838
3549
3003
3822
3003
3549
4061
3839
3549
3003
3003
2047
3003
3549
3039
3959
3293
3007
1911
4087
3513
4095
4027
3003
3579
3548
3515
3549
1911
4095
2030
3806
4087
3823
3959
3067
4078
3549
3067
4078
3532
1911
3822
3071
3293
3967
3532
3549
1919
3071
3276
3822
1911
3515
3966
3822
3003
3967
4031
3959
3839
3548
4027
3003
3549
3549
3548
3549
4031
3003
4079
3003
4027
1911
3822
3549
3003
2039
3959
3003
3549
3533
3007
3549
3063
3293
3549
3071
3549
3547
3003
3003
3293
3549
2039
3959
4091
3067
2047
3822
3822
3822
1919
3007
4027
3545
4095
3822
3959
3549
3551
3549
3532
3037
3959
3007
3003
3549
3549
3549
3003
3839
3003
4095
1919
3549
2047
3822
3003
3007
3805
3545
3822
3549
4061
4027
3007
3003
3533
4027
4061
3822
3959
3549
3823
3549
3515
3003
1919
3003
3549
3839
3549
2046
3007
3071
3533
3823
3805
4095
3966
3822
3003
2047
4095
3549
3967
3805
4079
1911
3966
3549
3549
3277
2935
4027
4095
4027
3549
3547
3822
2047
3966
3003
1911
3822
3003
3822
3063
3549
3966
4087
1919
3003
3805
3310
3037
3959
3003
3549
3549
3067
3959
4095
1919
1919
4078
4031
4095
3549
2943
3003
2047
3003
4061
2047
3003
3063
1919
3950
4091
3549
3003
3533
3549
4061
1919
3063
4087
1911
3959
3003
3037
3533
4063
1911
3003
3532
3549
3517
3276
3007
3003
4095
2047
3007
3549
1919
3003
3067
4079
3549
3548
3822
3515
3549
3549
3549
4093
4078
3513
3547
3839
3071
3837
3003
3967
3837
4061
3003
3549
3549
3839
2047
3067
3967
4087
3532
4061
3839
4086
3822
1911
3581
3959
3549
3823
4031
4027
3003
3959
3003
3822
3838
4087
3549
3037
3278
3822
3071
3071
4094
1919
4027
3839
3545
1919
2047
3549
3822
3549
3003
3071
1911
3959
4087
4078
3003
3822
3583
3549
4027
4095
3515
3805
3822
3547
3966
3550
3822
4091
3549
3007
4061
4094
3003
1919
3549
3548
1911
3822
3551
3007
3839
3007
3822
3838
3515
4087
3550
3551
3292
3483
3823
3823
3549
3549
4087
3549
1911
3823
3532
3822
2030
3966
3821
2039
3549
4078
3035
4027
3517
2039
3551
2999
3003
3549
3822
3003
4078
3549
3003
1919
3838
3822
1918
3967
3513
1911
3003
3003
3967
3071
3532
4079
3959
3959
3549
3959
3822
3277
4027
3823
3037
2047
4061
4027
4027
3822
3959
3966
3549
4061
4079
3003
3959
3003
4095
3003
2039
4095
3959
3003
3959
3549
3959
3003
3515
2999
2943
3067
3515
4027
3003
2039
3822
3959
3959
4061
3549
3550
1911
3549
3959
1911
3549
4027
3822
3549
3003
3549
3959
3003
3007
2047
3549
4095
3067
3959
4078
3007
4078
4061
3547
2039
3003
4087
4027
3071
3549
1911
3967
3545
3549
4059
3003
3071
1919
3959
3005
3822
3513
4027
3003
3547
3037
1919
4027
3277
3822
3959
3515
1919
4078
1911
4027
3003
3547
3579
3549
4061
3071
3549
3822
3822
3959
4091
1919
4094
3069
3067
3549
3959
4027
3966
4095
3959
3003
3069
3067
3277
3071
4078
3549
4027
3071
4094
3831
3548
3549
3003
4095
2039
3549
4027
4095
4095
3549
2047
3959
3003
3549
4095
3822
3959
3549
4095
3823
4059
1918
3548
3545
3822
4087
4078
2039
3515
4087
3822
3959
3003
3581
3549
1919
3003
4078
3837
3967
3003
3003
3534
3549
3583
3822
3959
3037
4078
4095
3548
2047
3517
4095
3547
3071
4087
4095
3071
4087
2935
3959
3549
3823
3067
4087
3292
3550
3967
3959
3822
3822
3037
3549
3967
4087
4091
1919
3549
4061
3822
3549
3823
4027
3823
4094
3549
4078
3839
4027
3959
3067
3822
3071
3823
4087
4091
1919
3003
3823
4095
4095
4027
3003
2039
3067
3545
3822
3003
3549
3007
3549
3063
1919
4027
3958
3293
4087
3839
1919
3822
3823
4087
3547
3005
3515
4094
2047
4027
3549
3959
3515
3037
3548
3067
2047
3548
3071
3293
3549
3822
3071
3515
3967
3959
4079
3515
3545
3838
4027
3839
3549
3822
4078
3003
3837
3549
4078
3549
3549
1911
4027
4027
4093
3959
3003
3549
3547
3071
3967
3007
3548
3003
3513
4061
3549
4094
3822
3071
3037
4078
3822
1911
3067
3822
3547
3838
3549
3823
3067
3579
3067
3823
3549
3515
3071
3839
3549
3549
1911
3822
3822
3839
4061
3003
3550
4061
4027
3067
2047
3007
3007
4078
3545
3547
3515
3549
3007
3003
3063
3513
1911
3003
3959
2047
4078
4078
1919
3003
3003
3515
3839
3549
3003
3276
3003
3549
4095
3513
3549
1919
3549
3071
3071
3823
3959
3534
3822
3837
4027
3959
3003
3549
4031
3549
3549
3548
1919
3822
3549
3003
3837
3549
4095
3549
3581
3545
3549
3959
3822
3003
3549
3276
3003
4078
3549
3959
3007
3966
3549
3007
3545
4095
3549
1911
3822
3037
3967
3071
3007
3007
3033
1919
3067
3963
3967
3549
3292
3549
3822
4087
3483
3515
4027
3822
2047
4093
3003
1911
4087
3822
4061
3067
3839
3003
3549
3579
3959
4095
1919
3967
3805
3003
3805
3515
3959
3549
3959
4091
3007
4094
3549
1911
