3904
3003
1911
2047
3513
1911
3549
2047
3063
2047
3276
3003
1911
3822
4087
3003
3035
3007
3548
3966
3549
2039
3549
3007
3805
3549
3822
3959
3821
3967
4027
3822
3039
3822
2525
2046
3549
3293
3515
3003
3822
3007
3532
3822
3003
3549
3003
1911
3003
2047
2031
2999
3549
1919
3823
4087
3822
3823
3039
3822
3549
1919
2457
3959
3967
2047
3545
3822
3959
4031
3549
4059
3822
3515
3959
4031
3003
3549
4091
3039
3822
3959
3822
2185
3966
3822
2440
3545
3515
1919
3481
3063
4078
3549
3967
4031
3549
4091
3039
3003
3003
1911
3003
2935
2047
3545
3549
1919
3822
1919
3007
3545
2201
1911
1911
3039
3003
3003
4031
3003
1911
3822
3007
1911
3063
3967
3549
3805
2039
1919
3963
4095
4091
3838
3549
3822
3959
4094
3959
3003
3822
1919
2039
3515
3067
3037
3822
3003
3003
3550
1918
2491
2491
3276
3071
3549
3007
3549
3293
3959
3067
3071
3003
3805
4027
3823
3967
3485
3515
4078
4078
1919
3003
2047
2935
3063
1919
4031
3549
2039
3037
3959
1911
3007
1919
3533
3545
3067
3549
2457
4087
3822
3967
3005
1919
4091
3003
3967
3549
2935
2039
3549
3822
3532
3483
1919
4091
2039
3003
4027
1911
4094
3003
4095
3959
3822
4087
4078
3003
4095
3549
3071
3838
2184
3003
2039
3549
4031
3822
3805
3551
4027
2039
3003
3547
2047
3822
3548
3822
3532
3823
3838
4095
3822
4027
2935
2457
4078
2047
3483
2525
3545
1919
3549
1911
1919
3822
1918
3532
3037
3003
3839
3545
3822
3549
1911
3822
3822
3549
3515
3549
3967
2031
1911
0
3822
3549
3003
3548
3823
3837
3822
3822
3547
1919
3545
3959
3822
3003
2047
3822
3005
3003
3549
3549
3003
3003
3003
3515
3823
3003
3823
4031
2459
4027
1918
4091
3003
2030
3549
4094
4095
3959
3821
3003
1911
2047
3515
3549
3003
2459
2039
4027
3959
3549
3821
3959
3967
1919
3959
3003
3515
2457
2047
3967
3959
2931
4027
3003
3003
3959
2999
4087
4027
3515
3007
3545
1919
3822
3003
3822
1911
3003
3003
3533
3007
3003
3005
2456
1911
1911
3822
3548
3822
3532
3548
3549
3003
3481
4087
3003
3515
1911
2047
3481
3550
3007
3950
3549
3822
3293
3839
3003
2457
4027
4027
3067
3037
3003
3481
3548
3003
3003
3967
1911
2046
3822
3549
3063
3823
3003
3958
4087
1919
3003
1911
3967
3822
3823
4061
1919
3806
3822
1911
3003
2935
3958
4095
4094
2047
3549
3822
3966
3545
3039
1919
3959
3967
2047
4031
3003
3292
4059
3822
2039
3822
3549
1919
4095
3838
3822
1919
3003
3549
3292
3549
4091
3548
4027
3067
3959
3549
3959
3545
2047
3959
2457
3515
3839
3959
3549
2457
3821
2047
3959
3959
1911
3548
3481
3548
3003
3003
3003
3003
4087
3003
4031
3037
4078
4059
2457
1919
3533
3967
3959
3003
2047
3959
2491
3549
2201
4087
3549
1919
3822
3549
4094
3839
3071
3067
3532
3067
1911
3007
3003
3822
3547
3003
3003
4095
4087
3822
3805
4095
3549
3003
4078
1919
3959
3959
3822
3821
3823
3003
3822
3276
3071
3822
3549
3963
3007
3545
3515
1919
3959
3822
3035
1911
3549
3959
3822
3549
2047
4078
4095
3003
3823
3959
3003
3515
3967
3822
3823
4095
4031
3003
2456
3821
1911
3545
4061
3967
3966
3547
2523
2491
3549
2971
3547
3959
3550
2039
3549
3003
2047
3003
2047
3549
2039
3003
3547
3549
3003
3003
2046
1919
3071
3003
3037
3549
3003
3822
3959
4061
3069
3549
4027
3003
3549
3481
3549
4095
3959
3549
3549
3959
3293
3959
2457
4061
3003
3549
3515
3515
3822
3839
3483
3003
3822
4094
3003
1911
4079
3837
4031
4023
3959
1911
3549
3549
3003
3822
3515
2457
2030
3007
3548
1919
3549
3959
4079
3276
4095
1919
3003
3003
3967
4031
4027
2031
3003
3966
3003
4027
3549
3007
3966
4078
4063
3822
3838
2047
3549
3005
3063
3549
3548
3548
2185
1911
3547
3822
3483
4094
3823
4027
2521
4078
2039
4059
3485
3547
1911
4095
3959
3830
3007
3959
3071
3003
3548
4027
3003
3003
3483
3549
3959
1911
1911
3548
3549
2935
3822
3967
3003
2047
1911
3293
1911
3549
3481
1911
4027
3003
3549
3549
3003
2046
2184
3823
3003
2047
4087
3549
3822
3822
3821
3039
4095
2491
4087
3549
3007
3037
3003
3071
3071
3959
3959
3822
3483
3959
2491
3959
3959
4078
3822
3003
3515
3071
3003
3545
3959
1919
2441
3003
3549
3515
1919
3515
2935
3959
3548
3003
3292
3003
4061
3003
3822
4094
3067
3839
3831
3545
2047
3822
1919
3822
2999
3822
3823
3549
1919
3959
3003
3821
3823
1919
2461
4094
3549
4027
1911
3549
3839
4094
3822
3549
3805
1919
3822
4091
4095
3003
1911
3276
4027
2046
3959
3951
3037
3822
3003
4078
3069
3007
3003
3549
3549
4027
4027
3003
3549
1919
3959
2039
3959
3532
3549
4087
3003
3822
2047
3003
3959
3532
2047
1918
3071
3292
4027
3804
3003
3823
3822
3532
4027
4087
3035
3822
2039
3003
3549
4087
3951
3959
3549
3822
4079
3549
3007
3035
2047
3003
3037
3959
3959
3549
1919
3071
3837
3822
3822
3823
2935
3959
3549
3549
3003
2999
3545
4061
1911
3822
3007
3967
3821
3822
3823
3549
3549
3549
3003
4094
3549
2047
3822
1918
3959
1919
3959
3003
3823
1911
3959
3805
3959
3823
3822
3822
3959
3035
3548
1911
1919
4027
2935
3485
3063
3037
3003
3003
4078
3959
3822
2999
3966
3549
3822
4095
4027
1919
4027
4087
4027
3549
4029
3071
3003
2491
3037
4087
3549
3959
3959
3549
3549
3037
3515
3549
3950
3822
3838
3515
2525
3822
4095
3549
3515
3805
2971
4027
4095
3545
3276
3003
3549
3515
3822
3822
3037
3007
3549
4078
3549
4094
4095
2047
4087
2935
4059
3549
2047
3821
1919
3966
3950
3513
3549
3003
4061
3822
3003
3547
3822
3547
3003
3549
3549
3003
3003
3532
3276
3003
3003
3549
3067
3483
3549
3003
2457
1911
4031
3549
4031
2491
2047
3549
3549
2030
3823
1919
3067
3003
3003
3822
3822
2039
1911
2047
3003
3549
3035
3003
3003
3959
2491
2935
3003
3071
3292
2047
4095
4094
3515
3003
4091
3481
1919
3481
3822
3293
3515
3839
3515
3549
2039
3549
3485
3822
4027
2031
3532
3003
3549
3003
1911
3823
3959
2939
1919
4027
4095
4095
3959
3071
3822
3005
2969
1918
3549
3837
3959
3547
3547
3548
3839
3003
3950
3007
3003
4031
2047
4027
3822
3003
4095
3959
3003
1911
4095
3549
4027
2047
4027
3967
3822
2046
3039
3003
3067
3063
3959
3959
3007
1911
3549
2047
3822
3823
3959
3822
3513
1919
3822
3003
4061
3822
3549
3549
4078
3549
3549
3959
3007
3549
1919
3003
3547
4027
3549
4027
4091
3549
3805
3822
2491
3003
3549
4031
3822
3822
3483
3069
3959
3959
2184
3067
4087
3549
3549
2999
3549
3963
2039
3483
3003
3035
3549
1919
3959
3071
3037
3035
4095
3071
3007
3549
3003
1919
1911
2046
3549
3967
4061
4078
3533
3515
3822
3822
2039
1911
2047
3003
3003
3515
3532
3548
4023
3839
4095
3003
3007
3822
2525
3959
3483
4027
1919
3005
3515
3959
4027
3547
4087
3007
3007
4095
3549
3003
1911
3549
3003
3545
2457
4095
3805
3003
3549
3007
2031
3039
3822
4061
1919
3067
2039
4027
3822
3515
2943
3959
3033
3959
3071
2995
3548
4027
3547
1919
3003
1919
1919
3515
3293
3966
3959
3549
3007
2047
4031
1911
3547
3822
3003
3071
1911
1911
3515
3822
3515
4027
1911
3549
3003
3003
2047
2039
3007
4091
3003
4091
3003
1911
4087
3967
4061
3545
4094
3549
1919
1919
3276
3822
2973
1918
1911
3515
3839
3549
3967
2047
3549
3959
3071
3822
3533
3822
3003
3822
2457
3959
2184
3959
4078
3549
3481
3549
3549
3822
3822
4061
3519
3548
3805
3549
3837
3515
3959
3822
3839
3839
2039
4027
3039
3007
3003
3823
4087
3959
3959
4095
3822
2047
3549
3959
3837
3003
3822
3823
3549
3003
3959
3549
3003
3003
3822
3549
3822
3823
4091
4027
3549
3515
3822
3007
3823
3839
3959
3003
3822
3959
4087
3003
2047
3003
3548
3549
4078
3822
2047
3959
3292
3003
4095
3966
3003
3805
3035
4095
3007
3067
3959
2039
3293
3003
3822
4095
3545
2047
3003
3003
4091
3821
3483
3823
4095
2039
3071
3071
3481
3966
3003
3003
3822
1918
1911
4027
4078
1911
3003
3003
3822
3967
2047
4087
3822
3277
2999
4095
3547
4059
3822
3481
1918
3549
3822
3003
3037
4079
3534
3823
3805
3548
3821
3822
4087
2491
3071
2039
3959
3967
3959
3839
3003
3003
3003
3003
3515
3003
4095
3003
3003
2935
1911
3003
3533
3822
3822
3966
1918
3549
3067
2047
3967
3003
2493
3966
3966
1911
3003
3821
4061
3549
3545
3959
3071
4078
3549
1919
1919
3003
3549
3481
3513
3822
4094
2047
2184
3003
2999
1911
2184
3007
3003
3481
1911
3549
1919
1911
3549
4091
2039
3067
3003
3823
2046
3003
3549
3063
3533
2461
3959
3839
1911
2039
3005
2047
3003
3003
4087
4087
3003
3003
3515
3822
4027
3959
3549
3003
3547
3007
3003
3822
4027
3003
4078
3003
3549
3823
3549
3822
3067
3822
3959
3515
2039
3550
3959
3545
4095
3289
3959
3549
3548
3549
3822
3966
3003
3548
3823
3823
3483
3003
3515
4023
3003
3549
3532
3003
1919
4091
3822
3838
3822
3822
3007
4031
3959
3959
4091
3548
4091
3549
2047
3515
4095
3565
1919
3007
3547
3805
1919
3513
3003
3823
3967
3549
3549
4023
4078
4087
3822
3067
3547
3805
4078
3003
3822
3276
1911
4027
3003
3483
2201
4027
4027
2457
3823
3003
3549
3547
3959
3583
4027
3822
3003
3293
4095
3822
3003
3823
2943
3067
2184
1919
3839
3822
4095
1919
1919
3007
3549
3549
2047
1911
2047
3822
3003
2457
3838
3548
3549
3822
3967
3830
3549
3822
3007
2030
3822
3549
3959
2047
2039
3003
3003
3549
3823
3515
3959
3549
3513
4091
3532
3547
3003
3549
3037
3007
3071
4027
3003
3547
2457
3037
3549
3549
3003
3959
3067
3003
1911
4095
3966
3805
3839
3966
3959
1911
3003
3003
2046
4023
3822
3003
3481
3822
3963
3959
4059
3549
3003
3276
3515
3481
3805
3805
3822
3839
4095
3549
3007
3821
3549
3481
3959
3950
3549
3549
4027
3003
3959
4094
2043
4061
2184
3822
3003
3037
3007
4087
3959
4087
3545
2047
3063
3967
3003
3003
4087
3549
3822
3549
3549
3822
3823
1919
3515
3959
2047
3515
3067
3003
2971
3838
3822
1911
3063
3481
3822
3549
3839
3959
3549
3838
1911
3533
3959
3549
3959
2031
2047
3823
3823
3549
2047
2184
3822
4078
3967
3067
3823
4087
3003
3548
3549
2184
4091
3822
3549
3547
4095
3549
3837
2047
3805
3007
4091
3037
1911
3830
3003
3293
3003
3039
3838
3967
2935
2039
4023
3959
3532
3292
3959
2047
3549
2525
3838
1919
1911
3822
3822
1919
3039
4091
3071
3007
3549
3289
1911
2043
3003
4061
3003
3547
3822
1911
3003
3003
3549
3838
2030
4087
3959
3037
3003
2046
2047
4027
3547
4095
3959
3822
1911
3822
3515
3822
3822
3001
3822
3822
2047
3967
3959
3515
3967
3003
3822
3007
3821
3515
3003
1911
3822
3035
4031
3293
3549
2935
2457
1919
3515
4091
2046
3545
2047
3967
1918
1919
4027
3003
3276
3967
3959
4027
4095
3003
3549
3549
3035
1919
3967
3822
3822
3003
4095
3823
3547
3822
3959
3549
4087
3037
3967
3821
3005
1919
2459
3821
3823
3003
4087
3003
3549
3037
2046
3003
3037
3822
3005
3549
3007
1919
3959
3822
4023
3483
3007
1911
3547
4091
3003
3067
3545
3549
3003
3959
3959
3549
3549
2047
3822
3959
3003
3579
3545
3959
3037
3003
3003
1911
3959
3821
3822
3037
4027
3822
3071
3547
3003
4059
3959
3822
3545
3549
3822
3959
4095
3823
1919
3003
2441
4078
3821
3549
4095
3063
3037
3549
3821
4087
3003
3549
3071
3547
3545
1911
2457
3549
3549
3003
4079
2047
1919
3292
4087
3481
2995
3003
3822
4031
3039
3071
1919
3959
1919
3545
4027
3545
3549
3003
3007
4087
3959
3549
4095
3547
3822
3959
3822
3549
3003
2489
3007
3003
4095
3823
2047
3822
4091
3003
2030
2459
4079
3293
4095
3839
4027
2047
3003
4087
4079
4095
3035
3963
2047
4094
3959
3549
3515
3545
3003
3549
2047
2039
3820
3003
1911
1911
3959
3959
3822
3995
3549
3822
3822
3822
3967
3549
3823
3003
3003
3003
2935
4087
3959
3003
3838
2047
3549
3549
3822
3289
3483
2995
3549
3959
3549
2193
3822
1919
3959
4095
3549
3003
3967
4061
4087
4095
1911
2459
2935
2039
4027
4029
2184
3959
3822
3959
2201
2031
4027
4087
3821
3003
3039
3067
2457
3005
1919
2039
3959
3545
3003
4091
3007
3549
3003
2039
3822
3063
3959
2047
3822
3067
4061
3481
3549
2047
3278
3003
3549
1919
2457
3003
3549
3839
3003
3071
4094
3963
3822
3003
1911
4078
3547
3547
3039
3003
4091
3549
3959
3517
3003
3549
3003
3515
3517
2999
4061
3822
3532
3549
3823
4031
2971
3549
3549
3822
3822
3823
4023
3003
4078
4027
3533
3532
2030
4027
2935
3549
4031
3481
3003
2457
3950
3549
3532
3822
2047
3545
3548
3037
3837
3822
1911
3276
2047
3959
3822
3067
3966
3822
3839
3003
3003
3959
3534
3533
3839
4094
2047
3548
3549
3822
4031
3549
2457
4091
3822
1919
4079
3549
3823
3967
3837
3548
3549
3822
3959
3007
3545
3003
3959
3822
3003
2971
3549
3292
3549
3549
3003
3822
1919
3067
4087
4087
3967
3003
4094
2039
3003
3071
3549
3838
4029
3548
3003
3963
3822
3822
2047
3959
3003
3003
3822
3959
3513
3822
3005
3839
3276
2039
3959
3515
3822
3547
3003
1919
3823
3003
4063
3276
3037
3549
1911
3822
3003
3805
4095
3823
3549
3959
4087
3549
3515
3822
2046
3822
4031
3039
3822
3839
3276
3822
3959
3959
3003
3003
3037
3959
3549
3822
4027
2047
3549
2046
4078
3822
3549
2969
3515
3071
2047
3549
3003
3822
3822
1919
1911
4087
3003
3003
4078
4063
1919
2047
3549
3549
3549
4078
4061
3003
4094
3823
1911
2047
3549
1911
4094
3822
3967
3839
2521
2969
3822
4027
3547
4095
3549
2047
3547
4059
3549
3823
3549
3003
3515
2047
3822
3823
3549
3276
3549
3549
3822
3003
3837
3967
3959
3532
3483
3276
3821
3545
3822
3822
3805
3959
3549
3063
3003
3959
3003
3007
3548
2999
4078
3839
3515
4061
3822
3549
3822
2047
3071
1911
3549
3821
3515
3548
2459
3549
3549
3822
3007
3003
3003
4027
3959
3821
3549
3292
3822
2046
3292
4087
3548
3822
3822
2031
3822
3822
4031
3959
1911
3003
1919
3805
3071
1911
1919
3545
1919
3071
3003
4027
2047
3003
3549
3063
3549
3823
2489
3071
3583
3063
4027
3823
4095
3003
1919
3549
3966
4091
3003
3003
3035
3959
3003
3823
3549
1911
2489
2047
3532
3481
4095
3545
3959
1911
1918
3549
4095
3789
3545
3071
3549
2457
3001
2047
3545
3822
3071
2039
2046
3003
2935
3822
3483
3545
3967
3549
3007
3276
3003
3003
1919
3823
3003
3003
3067
3549
3967
3037
3967
3005
3958
2039
3549
1911
3805
4027
3549
3838
3822
3003
3007
1919
3481
3549
3039
3037
3548
3293
3549
3959
3549
3003
3003
2491
2039
4078
3039
3549
3549
3822
3483
4079
1919
3035
1911
3963
3481
3823
4095
3037
3003
3515
3549
3549
4078
3950
1911
4079
3003
4027
2525
3548
1911
3822
3067
4061
3549
2047
2047
2047
4023
3822
3959
3003
3822
3037
2935
2047
3003
3003
3532
3822
3003
3003
3551
3039
3822
3805
3067
3549
3003
3003
3579
1919
2184
1919
3966
3545
3549
3822
3959
3515
3549
3003
3003
3003
3950
2039
3822
3276
3007
3959
2491
2047
3822
4095
3549
3549
3003
3513
4027
3822
4027
3547
3003
3003
2047
3549
3005
3959
1911
1911
3549
3959
3547
3959
3548
3551
2047
4095
4027
3959
3549
3959
3515
3549
2039
3003
3822
3007
3515
3007
3822
3549
3838
3549
3515
3513
3003
1911
1919
3959
2935
4091
1911
3967
3959
4078
3959
2047
2047
3549
3549
4027
3959
3292
3967
3515
3549
3003
3549
3822
2039
3967
3549
1911
2039
3003
3037
3548
3839
3547
3822
3533
3549
3001
3003
3959
2999
3839
3823
3533
3549
3549
2491
3007
3547
3515
2456
3003
4027
3003
4094
3822
2039
3003
3966
2935
3069
3293
3037
4091
3966
3547
3822
3579
3549
3549
3003
3071
3513
3821
1919
2039
3035
3549
4031
3003
3549
2459
3549
3037
1919
3805
3805
1919
3822
2039
3822
3063
4095
3003
4087
4095
1911
4094
4027
1919
3959
1919
3007
3071
3007
3822
3003
4095
3037
3003
2457
3549
3551
4087
3007
2039
3071
3003
3549
3822
3950
3003
2184
2999
3481
1911
3822
3822
3007
4027
3069
3823
3549
3963
3003
3547
2457
3003
3549
3071
3071
3513
3003
4091
3837
3839
3003
3822
3037
4027
3549
2047
2047
3003
3959
2046
3959
3549
3007
1919
3549
3003
3822
3822
3549
3071
3515
3822
3959
1911
4093
3549
4095
3549
3823
2201
3003
3805
1919
3837
2943
4095
3959
3549
3003
3003
2039
3822
2039
3037
4087
1911
3823
3003
2046
1911
3547
4027
3967
4094
3566
3959
2039
3547
3483
3821
4095
3549
3837
3003
3549
4061
4087
3823
3822
3003
3003
1911
3959
3481
2491
3067
2457
1911
1919
3823
1919
2047
3293
3005
3532
3515
2030
3071
3549
3822
3003
3037
3967
3822
4087
3276
3822
3005
3005
3007
1919
4094
3822
4078
4095
3822
3822
3838
2457
2047
3549
3276
3037
3549
3003
3547
1919
3071
3003
4079
3515
2047
3549
4061
3548
3007
3007
2459
3822
3549
3513
4023
4091
4027
2039
3963
3822
4061
3821
3515
2999
3003
3822
3549
3003
3549
3003
3549
3821
1911
3003
3289
4078
2935
3822
3037
3549
3548
3507
4095
3003
3003
3822
3549
3839
3549
4091
3003
2491
3007
3967
3003
3959
3007
4061
3959
3003
3292
3822
4087
4031
3959
3039
3549
3289
2457
3035
3067
3515
2047
3839
3067
3822
3003
3003
3967
3959
2039
4094
2039
3003
3822
4061
4078
3003
3549
2047
1911
3959
3805
3950
3003
1919
3823
3548
3063
3003
4059
3549
1919
4027
3067
3007
4027
3959
4027
3966
3959
3003
2971
3549
3483
3037
3547
4095
3545
3515
3293
3823
1911
3822
3967
3067
3950
3959
2030
3549
4095
3549
3805
3549
4095
1911
3003
3549
4027
2039
3549
1911
2459
3549
4095
2999
2047
3533
3515
3549
3822
3003
3292
3822
3003
4029
2201
3547
3547
4061
3549
3549
3950
2457
3959
3822
3007
3547
1919
1911
3959
3822
3037
2047
3823
2999
3549
4078
3003
3003
3003
4031
3293
3003
2935
3003
3063
3549
3822
3483
3838
3545
3549
3966
2039
3838
3967
3513
3959
3067
4027
3549
3549
4027
2457
3822
4061
3822
3959
3967
3959
2459
2047
3003
3823
3037
2047
3545
3822
1919
2039
3823
3549
3549
3037
4062
3545
4095
3839
4091
1919
4095
3549
2491
4095
3959
3966
3959
2047
3549
3822
3821
3839
3003
4094
3483
3003
3515
4078
2047
3003
3959
2047
3549
3007
2039
3533
3823
3822
4087
4063
3003
4087
3959
4095
3549
1919
3276
3003
3549
3822
4031
3533
3003
3003
3838
3549
3549
4087
3003
3533
2047
3515
3513
3003
2047
3003
2030
3549
3007
3581
3037
1911
3037
4087
3959
3549
3549
4061
3003
1911
2039
4094
3822
3839
1919
3822
3959
1911
3822
2047
3959
3545
3003
3063
3839
2039
4078
4091
2046
3549
3003
3483
3549
3003
3822
3003
3003
3515
3549
4059
4087
3549
3822
4087
3547
3037
3823
3003
3822
3549
3549
3959
3549
3003
3839
3839
3967
3481
3003
4029
3067
3823
3822
3549
3003
3035
3822
3549
3547
3959
4087
2935
1911
4087
3959
1911
2047
3037
3837
3037
3071
4078
3838
4031
4095
1919
3039
3549
1911
3967
3277
4087
3515
3822
3037
3959
3549
2047
2039
3959
3549
3966
3579
3005
4087
3003
3515
3959
4078
3549
2047
3958
2461
2047
3549
3823
3515
3822
2031
3003
2047
3545
3547
3003
3549
3549
3959
3838
1911
3823
3950
3548
4087
4078
3967
4087
3003
2999
3067
3579
3822
3967
3966
3003
3547
3003
3549
3838
2047
3063
3822
2046
3003
3959
3549
1918
3063
3823
3003
3071
3071
3822
3951
3959
2491
3071
3549
3037
3549
2457
3549
3547
3549
4087
3532
3959
1919
3549
3003
2457
3485
3839
3838
2047
3967
3003
4086
3293
3549
3003
3549
3037
3838
2047
1919
3959
2039
3823
4091
3003
3549
3533
3822
3063
3289
4087
3967
3959
1919
3003
3806
3003
4078
1911
3003
3547
3549
3967
3549
4078
1911
3959
4087
3003
4027
3003
4027
3549
3959
3837
4087
3003
3549
3003
4087
4087
4031
3823
3959
3003
1911
1911
3549
3003
3822
3037
4086
4094
3276
1919
4027
3003
3513
3549
3069
1911
4095
3545
3549
3837
3822
2030
3839
1911
4059
3839
3276
3959
3823
3959
3545
3959
3822
2457
3967
2999
3071
3003
4087
3293
2457
3959
3549
3483
1911
3003
3005
1919
3003
1911
3003
3547
3549
3007
4027
3547
4091
3958
3007
3003
4078
3007
3515
3959
3959
3549
2457
2039
4078
3548
3822
3003
3007
3545
3959
3515
2999
3037
3515
4027
4061
3959
3839
3003
3007
3822
3003
4095
3549
3039
3003
3549
4029
3822
4031
3003
3003
3548
3003
3007
1919
3003
3003
3549
3959
3003
3547
3003
4087
3822
1911
4027
4087
3959
2046
3547
4087
3035
3966
4087
2047
2459
3822
4079
3959
3838
3821
3003
3037
3822
3823
3549
2039
3549
4095
3549
3959
1911
1919
4061
4027
3067
1919
3821
3003
2457
3003
4087
3481
3293
3822
4095
3549
3003
2999
3822
3822
3839
4059
3003
3548
3549
3959
3545
3549
3003
3548
3037
3003
1911
3547
4091
3823
3823
3067
1911
3037
2491
3003
3959
3037
3967
3063
3966
2184
3822
2039
3003
4059
3822
4027
3003
3007
3003
3822
3003
3550
3959
3003
3966
3549
4027
3549
3831
3003
3959
2047
3549
3513
4087
4087
4031
3003
2046
3549
3549
2047
3007
3959
3003
3822
4093
3839
3839
3822
4063
1911
1911
3549
4027
3515
4095
4091
3003
3481
3549
2030
3967
3822
3515
3822
3037
3549
4027
1911
3822
3481
3550
3823
2039
3003
2525
4059
3963
3069
3063
3805
4091
3003
3549
3822
3967
4027
3549
2039
4094
3067
3003
3822
3822
3485
3533
3515
4095
1911
3549
3545
3007
1919
3276
1919
2047
3822
3003
3003
3533
3003
3549
3822
3823
1919
3821
2031
3549
3967
3549
2030
3959
3003
3549
3293
4078
3003
2039
3293
2039
3003
4079
3292
3067
2943
3517
3822
3549
3003
4027
3822
3549
3067
3483
2046
3003
3822
3822
3003
3003
3959
4091
2943
3805
3067
4095
3003
3822
3037
2521
4078
3805
3003
3067
3037
3549
3549
3003
3003
3003
3959
3549
3822
3481
1911
3822
2973
3481
3003
3547
3071
3071
3959
2047
4091
1911
3549
3822
3551
3549
3067
3532
3823
3003
3003
3003
4095
3549
1919
3003
3549
3966
1919
3549
2030
3822
2184
4087
3003
3534
3805
3549
3822
3549
3003
3822
3959
3549
3823
4095
3821
3959
3822
4091
3007
3822
3823
3822
4027
3003
1911
3007
3003
3513
3822
1919
3549
1911
2031
2935
2030
3959
3548
3959
3545
4061
3549
1911
4027
3549
3037
3822
3549
3549
3839
1911
3549
1911
3289
3037
3277
3003
3822
3003
3003
3950
2457
3565
4091
4027
3822
4091
3959
3533
3822
3007
3549
3549
4031
3067
3549
3838
2521
2046
3547
3549
3822
3003
3966
4029
3003
4059
3549
3823
3549
3003
3821
3003
3549
2047
1919
3822
4078
3003
3549
2039
3003
3545
4027
3959
3067
4031
1919
3822
3533
3959
3483
3067
3003
3549
4027
2047
4079
3823
3549
3549
3967
3003
1919
4031
4095
3549
3822
3822
3289
4027
3822
3822
4087
2047
3566
4087
4095
4087
3549
3003
3959
3071
3007
3822
3003
3003
1919
3545
4095
3549
1911
4078
3805
3959
4078
3003
3822
3822
3548
4095
3959
3545
4027
3039
2047
4078
3289
1911
3003
1919
3821
3545
3276
3822
1918
3547
3967
3515
3581
3549
1911
2943
3959
3003
4027
3035
3003
1911
3549
3967
3039
3003
3549
3037
3951
3959
2047
3003
3513
4095
3839
3067
4063
4095
3839
3037
3959
2047
3959
3549
3549
3822
3003
3515
1911
3277
