1984
3822
1919
0
3071
3959
3003
3822
2935
2039
3822
3310
3822
0
3483
3003
0
3823
3292
3823
0
3003
3789
2971
3830
3822
2971
1911
2867
0
3003
0
1911
3003
3822
3959
3958
3822
3966
2525
1911
3822
1919
3822
1910
1911
1910
0
0
3822
0
3063
3950
2457
0
1910
2039
3003
1910
2039
1911
3310
3822
2935
2931
3822
1911
3003
2871
3003
3293
1918
0
0
3823
0
3822
2969
0
3820
2939
3805
3003
2459
3822
2971
1919
0
1902
2999
1919
3003
0
1919
3003
3822
3308
1911
1918
2457
3950
3822
3959
3310
3003
3003
2047
1919
2047
3821
2999
3533
0
0
1774
3003
1915
3822
0
1903
0
1911
4019
3003
3037
1911
2999
0
0
1847
2457
0
0
2491
2491
3310
1911
0
3003
2935
2322
3822
0
3963
3003
2995
2999
2047
2973
3822
3814
3959
3822
1773
1910
3293
2973
3789
1911
2999
1911
0
4079
2973
1911
3003
3003
4031
0
0
3963
2491
0
0
1911
0
3959
3823
3067
0
0
2999
0
3823
3822
0
2047
4027
2457
0
3951
4027
3822
0
2934
3003
3806
1911
0
2973
3822
2039
3822
4031
2995
1911
0
3003
3276
0
3820
3823
3958
0
3959
0
3822
1911
0
3822
2457
3003
3950
3278
3003
1911
3277
3963
2969
3959
3822
3820
3822
1774
3001
3310
3963
2995
2995
2030
0
0
3037
3310
2491
2835
2969
3837
3003
1911
1902
0
3003
1911
1919
0
0
0
3003
2995
0
0
3955
2969
2047
0
2457
1907
3003
1911
0
3067
2999
0
1774
4087
0
0
3959
1911
0
3822
0
3822
2935
0
3001
2457
3003
2457
0
2969
1911
2969
0
1915
3003
4023
3950
3822
3003
3822
0
0
3003
2491
3292
0
0
0
3822
1911
2491
3821
4087
3003
3822
3003
3820
2999
3277
0
3963
3003
2969
3958
1911
1911
2491
2969
3958
3003
2867
1915
3822
1911
3003
0
3959
2871
0
0
1918
3003
0
1915
3003
1919
3805
3001
3822
2973
0
1911
2931
3003
1911
1911
3967
2995
3822
2457
3037
2935
3822
1911
3805
3822
3822
1911
0
0
2971
0
3822
3805
0
0
1919
3955
3822
3003
0
1911
2969
1911
1774
1919
3003
3839
3003
0
0
1919
2969
2995
0
1911
0
4027
1911
0
3003
0
1911
3822
2935
3003
3003
2047
3822
2995
0
2995
0
3950
3003
0
0
3963
2491
0
0
2457
2459
2039
1919
3822
0
3822
2030
0
3001
2491
0
1910
1910
0
0
2971
2355
2973
3822
1911
1919
0
0
3003
3821
2030
3959
0
0
0
1774
0
2935
3822
3037
0
3292
0
3276
3805
2459
1911
0
4027
3822
3310
1919
2457
1911
1918
0
3005
0
3003
1902
0
1911
3003
1903
1919
2935
3276
2457
2969
3950
0
2457
1911
3003
2995
3822
1919
2046
1911
0
3959
2969
1975
0
1979
1911
3820
3805
3951
2039
3822
3003
3822
1902
2457
1911
1911
2043
0
1911
3822
3822
0
3959
3805
0
2038
2995
1915
3308
1911
2043
3822
3003
0
3822
3822
2457
2935
1911
1911
3822
3959
1911
3003
2999
3951
2491
1915
0
0
3966
3822
2935
3003
3822
0
3950
1911
3003
0
3003
3822
1911
3959
0
0
1979
3822
3959
3063
3805
0
0
2931
2935
1911
3959
3822
3822
2969
0
3822
0
0
0
0
2491
4031
2971
3003
0
2047
2971
0
3822
3822
2867
1919
1911
1911
0
3822
3003
3822
3003
0
0
1910
0
1918
3822
3822
2457
0
0
2457
0
3003
1911
3822
2870
1911
2969
1775
1910
1918
3822
1911
3822
0
0
0
1919
0
3950
1911
3003
3003
1911
2489
3822
0
0
3959
1911
0
3003
1911
3003
3003
0
2971
0
0
4023
1919
3963
1774
4078
3805
0
3822
0
3805
3822
1911
0
2995
1911
1919
0
3822
1911
1911
2969
1911
3959
1911
1918
0
2047
2047
1919
3822
3822
2995
2999
0
3003
2459
3533
3959
2935
2039
3959
0
4027
2483
2047
2935
3959
0
0
3822
3276
2459
3003
3003
0
3822
2935
3822
0
0
2355
3003
0
3003
2969
2935
1919
3822
2995
3950
1910
3822
1911
1911
2935
0
0
2039
3822
4079
3003
2457
3003
1911
3003
2046
3003
3276
3310
2969
2047
3822
3003
1774
0
1911
0
3003
0
3951
0
1911
0
0
2031
1911
1979
4087
2999
0
3821
3003
1911
3003
2525
3007
0
1911
1911
3003
0
1911
0
3822
0
1911
2969
0
3822
3805
2999
1911
1919
0
1915
2969
3003
2459
1911
3277
2935
3950
1911
0
0
2457
2038
0
1894
1911
0
0
0
3822
3822
3822
2871
0
2973
3003
2457
3822
3959
0
2039
3822
0
1919
2030
0
0
3003
3822
3822
3823
3822
2999
3003
0
0
0
3950
3003
3822
0
3789
2030
0
2973
1911
3003
3003
3003
3003
0
1911
3959
3959
2459
3293
3003
0
3003
3003
1975
3823
0
0
1915
0
3805
2039
0
1911
3003
0
3822
2971
3003
3533
1979
1911
0
2999
2031
3822
3950
3959
3003
3035
3003
3003
4078
1911
1911
3001
3822
2971
3822
3037
3789
0
0
2871
0
0
1911
2449
3003
3814
0
3003
2030
3003
1911
3822
0
2457
3823
3003
3805
0
1911
3821
1919
3822
3003
4019
1919
0
1911
3822
1911
3822
3823
2457
3003
2457
3001
0
2030
1911
0
3003
3959
2999
1918
1911
0
3003
1911
0
3003
1911
3003
2935
3822
0
3958
3822
2935
1915
0
2995
3831
4027
3822
2031
0
3003
1910
3959
3003
0
1911
0
2971
1911
0
0
3822
2935
2939
0
0
3003
0
1919
3822
2875
0
0
0
2457
3003
1911
3003
3822
2459
0
3950
0
2491
2935
3805
1911
3822
2031
1911
3822
3003
3951
2031
3963
3003
3822
1911
2969
3037
2031
2039
1911
3003
3822
0
3822
3003
1911
0
3481
3822
3003
3001
3822
1975
0
3891
2489
0
0
2457
3822
0
3001
0
3310
0
3822
0
2030
1919
3003
0
0
2457
0
1919
3822
1774
2321
0
3822
3959
3003
3822
1979
2935
3822
1911
3820
3822
2999
3003
0
0
3822
2459
0
0
3822
1911
1911
3003
2457
3822
2969
2039
3003
3823
3822
1902
0
2459
2039
3001
3822
2459
2999
2039
1911
3003
3003
0
0
1911
2491
0
3067
0
3037
1911
0
1911
0
3958
3959
0
0
0
3822
0
2969
1911
2995
2457
1847
3003
0
1911
2971
3003
2039
3959
0
0
0
3951
3003
0
3823
2047
2999
2935
1847
3831
0
1911
2931
0
3003
2995
2457
3003
0
1911
0
0
1918
3003
3822
0
0
3003
3003
1911
3003
3822
4078
1774
3003
3003
3003
3822
2969
3959
2457
3822
2491
3822
1911
1902
1911
1911
2491
0
0
3003
0
2489
2038
2491
2457
0
2457
0
1911
3003
0
3003
3822
2489
0
3822
3293
3822
3790
0
0
0
2489
3966
0
3822
0
3822
2935
3950
1911
0
3959
0
3003
3003
1919
1911
3003
0
1919
3545
3822
1979
2491
1911
2491
3071
2935
2030
3789
1911
3003
3822
1911
2461
3003
2971
0
3963
2935
3959
2047
2867
0
3899
3822
2046
0
3822
0
0
1919
3821
0
4027
0
3822
0
0
3822
2995
4087
3822
3822
1919
0
0
3003
1911
2995
0
3003
3292
3003
3822
1911
0
3003
3959
0
3003
3822
1911
1979
3959
3276
3959
3804
3003
0
1911
0
0
3959
1911
1919
1851
3001
3067
1915
0
1918
2457
0
3821
3831
1919
2995
1911
0
2995
3003
2999
3003
1979
2935
1911
3820
0
3822
3822
2039
1911
4078
0
3822
0
2457
2995
0
3959
3822
1918
3958
0
3822
3067
3822
0
3822
2457
3822
3822
0
2460
2355
3822
1911
3003
0
0
2030
1910
3963
1911
3822
1911
3003
0
2935
3822
1911
3277
2457
1979
4027
0
2973
2031
2999
1979
2459
2999
3293
2039
3822
0
3822
3003
3003
1911
0
3003
3003
0
0
3959
3003
3003
2457
2971
3003
3003
2483
3694
3003
2491
3822
3831
1911
2030
3003
2935
3003
2457
3035
1774
2457
3959
0
0
2491
3001
2039
1911
3003
0
0
0
4023
3549
3276
2459
4027
3003
3822
1911
3003
3822
1918
3822
1911
3822
0
3003
1774
1910
0
3831
3003
2457
0
3003
3822
2457
3959
3003
1918
2355
3789
3822
0
0
2999
3003
1911
3820
2934
1911
0
0
2935
3003
3003
3959
2935
0
0
0
3966
2995
2039
1919
0
0
3003
2030
3003
1911
3959
3950
3823
1911
1911
2973
2971
0
2491
0
3831
3822
3001
2457
0
3822
3003
0
1911
1911
3003
4023
3959
2457
3822
0
3003
2457
3003
3003
0
0
0
3822
3823
0
2973
0
3003
1983
2031
0
3822
0
3003
3959
3035
3003
0
3959
2971
1910
1911
2039
2867
3001
2995
3001
0
0
3822
0
3822
2995
3950
0
3822
0
2353
3959
3310
3821
3003
3805
3003
0
2489
1918
3950
3003
3003
0
2031
0
3822
2971
0
1911
0
0
1911
3822
3003
0
3001
0
3959
0
3822
3822
0
0
3003
1911
3308
0
0
0
1911
3003
3003
4094
4094
0
0
0
2457
0
3003
0
3822
3822
1979
0
3823
3821
3955
2457
0
2939
1919
3822
3823
0
0
0
1911
3003
3959
1911
0
3959
0
3895
0
0
3003
0
1911
3822
2031
2459
3003
0
3001
3959
2995
2459
4087
1911
2489
3821
2039
0
3822
3822
0
2457
2935
3822
3822
3822
3821
2457
2939
3822
3003
2999
2969
2939
3822
2030
2321
2039
0
2047
3959
1911
2935
1911
3003
2457
2047
0
3822
3967
3003
0
3003
0
1911
1911
3003
0
0
1911
3950
0
3003
2457
0
2935
0
0
1911
3003
1911
3003
3003
2457
3789
3822
2457
0
1911
3822
2461
3003
3007
3003
3805
0
3310
2969
4027
2457
3822
3951
0
3277
1919
0
1918
3963
2457
2489
1911
3831
0
3959
3822
0
0
1911
0
3959
0
1979
0
3822
2871
1919
0
1911
1911
2969
3822
2457
1919
1911
0
3788
3822
3822
2039
3003
3822
1975
1911
2999
2461
0
3822
2491
0
4078
3308
2039
2483
1911
3822
1911
3293
3003
3007
2995
3789
0
3003
3805
1911
0
3822
3003
0
3003
3003
0
2039
2867
2457
3003
2491
3959
3003
2931
2934
1918
1911
3822
0
2046
1911
3003
3959
3831
1919
1919
2030
3037
2047
3003
2031
3822
0
0
0
0
1911
3804
1911
0
3838
3003
1919
2999
3003
3003
1907
2969
2935
3003
2457
0
3823
2457
0
3001
0
3821
0
2457
1910
2935
0
3003
2999
2969
0
3823
3822
3003
3063
3967
3003
2039
1911
0
2995
2969
3823
3003
3822
1918
1911
0
2459
3959
1919
2939
2457
3823
3293
2456
0
3822
4027
3003
2973
1774
0
3895
0
2999
1911
0
0
1915
2935
3822
2321
3967
3276
1910
2457
0
3292
0
3823
1918
2459
1911
0
3822
3822
3003
2030
3481
3895
0
3003
3822
4095
3003
3822
3899
2969
1902
1911
2457
3963
0
1911
3959
1911
0
0
2995
0
2043
1911
3003
3822
3003
0
3822
2047
0
2457
2999
1919
3003
1911
3831
2031
2031
3959
3822
3003
1911
0
1918
3003
2457
2457
3822
2935
0
0
2457
2321
3822
3789
3822
2491
2457
3003
2043
1911
0
3822
2457
0
1911
1918
1911
3003
3822
1911
1919
3003
1911
1911
0
1911
1911
0
4027
3003
3963
1911
1919
0
0
3822
2457
3966
1911
1911
2973
3003
3822
0
3822
3003
0
3276
3001
3821
2047
0
1911
2030
1911
0
0
1774
2354
3820
0
0
0
0
1911
2995
0
0
3822
1911
1911
3789
0
3003
0
2971
2935
3822
1911
0
3003
2995
3822
2491
3822
0
3003
1907
3804
3003
2046
3821
0
3822
2999
3310
3805
1911
2995
0
2457
4095
2867
1911
2491
2935
1911
2995
0
0
1911
3822
2457
1911
0
3950
3003
2971
3822
3003
0
0
2457
3821
2935
2047
0
3823
3822
2935
1902
1911
3003
0
0
3820
2973
3278
3821
0
1911
3293
2457
0
0
1911
2969
3822
2030
1918
3003
0
3822
1911
3950
1919
0
1911
3003
2935
0
0
2039
3003
2046
3003
2457
3822
0
1791
2046
0
3003
3293
2865
2525
3003
3822
3822
3822
1911
3823
0
3003
3001
3822
3001
2457
0
2457
2935
0
0
3959
3003
3822
3822
2459
2459
0
2457
3820
2047
3822
2457
1911
3001
2043
0
2043
3035
3003
3003
0
1911
2935
3950
2459
4086
2971
0
3293
2867
3822
1911
3950
3805
2999
1911
1911
3822
0
1983
0
0
0
3821
0
0
3001
3815
3959
0
3035
1911
2935
2459
3037
3822
1911
0
3967
0
3003
2030
2935
0
2871
3003
3822
2995
3003
0
2999
3003
0
0
0
3003
1915
3003
3822
2999
3003
2875
0
3959
3003
0
3959
0
1918
2871
3822
3950
0
2995
3821
3822
2999
3822
3822
3822
0
1911
3001
0
3003
3003
1911
1774
3804
2457
2047
1911
0
4086
3001
0
1910
3959
3003
2046
2871
1911
3959
0
3003
3003
1911
2031
3003
2995
1919
3063
3822
3003
3003
0
0
3003
2039
3276
3959
3822
3959
2939
1911
3790
3003
0
1911
3959
0
2457
2999
3955
2995
2047
2459
1911
4027
2918
1911
2525
1911
3959
3959
0
3003
3277
3950
0
2043
3005
3276
3003
0
3822
3037
3001
3822
3003
3959
2449
0
3822
3277
3003
3837
2935
3293
3805
2995
3003
0
1979
2047
1911
1911
2871
3310
3003
1911
4023
3822
3037
2457
1919
2461
0
3822
2491
3276
3959
2030
3822
3806
0
3292
0
3276
4027
3003
1911
3959
2457
0
3831
0
3276
1911
2969
3003
2047
3822
2995
1791
2935
3822
2457
1918
3003
3003
2935
2030
3003
3821
3063
3822
3963
3822
3548
1911
3822
2935
3823
3003
3822
3822
3959
1911
3822
3003
3003
2525
3293
3003
3003
3003
3292
3822
1911
0
3822
1911
0
2039
2047
1911
1903
1911
1774
3950
3822
0
2457
0
2457
3959
3822
2935
3822
3821
2483
3003
0
1911
0
3950
1911
3001
3003
1911
3822
2039
1911
3950
2969
1911
3822
3959
0
2999
1911
1910
3822
3822
3037
2935
3003
0
0
3814
0
3003
3003
3063
1919
2969
2871
3822
3003
3963
0
2457
0
4027
0
2046
1911
2046
3003
3003
2491
1911
2459
2935
4094
3959
3822
2867
0
3003
0
0
3003
1911
3820
3959
0
2969
0
0
3003
3003
2457
0
1911
2995
3822
3822
2046
3958
3822
1911
3820
3003
3003
3805
0
3003
2457
1910
1911
1919
2046
1911
1911
2457
0
3003
0
0
1911
1911
0
3822
3804
1918
0
3003
3950
0
3003
3950
2935
2969
2039
2457
0
0
2931
2030
1911
3003
1911
1911
3293
3003
0
3822
3003
0
2971
3959
3822
1911
2459
2969
1911
1911
2999
3822
1911
3821
0
0
3959
0
3821
3822
0
2457
0
3822
3789
1919
3003
1911
1919
1919
1911
2835
3822
0
0
0
3950
1911
1911
3822
2457
2451
3003
2995
0
2935
1911
0
0
0
2999
0
3822
1911
0
3822
1911
3003
1911
1919
1911
0
1911
3822
870
1911
3003
2457
2935
0
3276
3532
3003
1911
3003
3003
3310
3822
2457
3822
3293
0
0
3822
2039
0
3822
0
0
0
3822
2969
1911
2030
0
2999
1979
1979
0
3822
2039
3823
0
0
0
3959
3003
0
0
3003
2457
3822
3003
1919
3822
3003
1911
3822
0
3003
2971
2999
1911
1911
1851
0
0
1911
3003
2031
2995
2457
0
0
3821
0
3003
0
3895
3822
3003
1911
548
0
2047
3822
0
3959
2030
2491
887
1851
3003
4023
3822
2971
3003
3822
2939
3003
0
1911
0
3822
2971
2457
1911
2867
3003
3003
0
1918
2047
3963
2995
0
1919
3003
2039
3967
3805
2969
3822
3822
2039
1911
2969
0
1919
2871
3822
2935
2939
0
3003
3037
4023
2525
1911
3003
3822
1902
0
3003
0
3003
3001
1911
3003
1975
3822
1919
3959
3822
1911
0
3959
0
1911
3822
3003
1911
0
3822
3003
3822
3814
0
2030
1911
3822
3822
3950
1918
0
0
3003
3003
2459
0
0
2995
0
548
0
1911
3822
3003
0
3310
2995
1847
3822
2457
2935
4031
1979
0
2875
2934
2935
1907
3822
3003
3959
1911
3822
3789
1903
2521
2867
2039
2935
2935
0
2039
3822
1979
2457
2934
1911
0
3821
1911
0
0
1911
0
4078
0
1911
3001
2999
1919
3822
0
3003
0
2039
1911
3003
3805
3003
1911
2995
1911
3895
2935
1911
0
3959
2935
0
3003
3003
3804
1911
0
2047
0
2875
2995
3822
2481
3822
2483
3822
2481
3003
0
3003
2999
4023
3003
0
3003
3950
0
3003
3003
3959
1911
3003
4023
1919
0
2038
2999
1919
4094
3822
1911
3822
2457
2030
2999
1919
2969
3822
3959
3959
0
3959
2935
3822
0
1902
3899
3003
3790
0
3822
3001
2935
4027
3003
0
3276
3822
0
3822
4027
3003
2935
0
3003
3822
0
0
2457
1911
2459
3822
3959
3823
0
3003
1919
0
0
0
3821
2491
3805
3822
3822
3821
1911
3822
2030
2457
1911
0
3822
0
3003
3823
3821
3001
2935
2457
1911
0
3959
3003
1911
2039
3003
2525
3959
0
2969
1911
2039
0
3805
1911
2030
0
2459
1911
3822
3003
2459
3821
2871
3958
3963
2935
3951
3003
0
4027
2489
4027
0
3822
2030
3277
2867
1911
1911
1919
2521
0
3003
3003
2491
3001
1911
3003
0
0
0
1911
2971
2489
4086
3822
1911
3959
0
3003
3822
3822
0
2030
3035
2973
2039
3789
0
1775
1979
3822
1911
0
3822
3822
3276
3003
0
2971
3003
2459
1911
2999
1915
3822
3822
3035
3276
1911
3003
3822
1919
0
2969
2047
3003
0
3003
3822
0
3003
0
0
3959
1911
0
0
3003
2047
3308
3003
3822
1911
3822
1911
3822
3003
0
3822
3276
0
2999
3963
2459
1773
3003
3806
0
1911
3822
3822
2457
3003
2046
0
3003
3959
2935
3003
1911
1911
0
2935
3822
2030
2935
2489
1911
2457
3003
3481
3003
3822
1911
1911
3822
2047
1919
1910
3822
2457
3003
1911
3823
1911
0
0
3003
2875
3950
3003
1911
3959
4095
1911
0
3276
2457
2995
3003
0
2971
1911
0
4027
3822
3481
3822
3003
3822
2491
3003
0
2481
3822
3822
0
0
3822
3003
2039
3822
3003
1911
0
3822
3822
1911
2935
3822
2030
1911
1911
0
3003
3003
1902
3003
1915
3821
3001
3822
3821
2931
0
3822
0
1911
0
1918
3822
2030
2935
3959
2521
2999
3959
3805
0
3003
0
3003
3308
2047
3003
3963
1911
1911
3003
3963
3822
0
3001
3003
2047
2457
3003
1774
2999
1911
2030
3789
3822
1911
3822
0
3822
2047
2047
3822
3003
3958
1911
3959
0
2457
0
0
3805
2875
3003
3822
0
3003
3822
3481
0
1911
3959
2969
0
3805
2457
1911
2459
3003
3003
2039
1774
3276
2030
1911
1911
3823
1919
3822
3822
0
3822
0
3805
3001
1911
1911
1911
2459
2047
0
0
3822
3293
3822
3822
3481
0
1919
3007
2457
2935
0
2039
3310
1911
1911
2457
3959
3958
0
3822
3822
2931
2046
0
3001
2491
2047
3822
1911
0
0
0
1902
1919
0
3822
3822
3822
0
3003
3822
3822
3003
3839
3003
3003
3822
0
2043
3003
2039
2481
3821
1911
0
3003
1911
3003
0
3823
3822
3003
1911
3001
3003
0
3276
3955
1911
1911
3822
0
3003
3003
3804
2935
1902
3822
2457
3822
1907
3830
2030
0
2047
2047
3007
2935
3003
0
3821
3003
0
0
1911
0
2459
3003
0
1847
2030
1911
3805
2999
3003
3822
1911
3822
2973
2935
3293
2039
0
2867
0
2030
2457
3822
2935
3003
1911
3003
3822
3822
0
3003
3003
0
2457
3958
2995
2457
3003
1918
2047
2338
0
2046
3003
0
1979
3003
0
3822
0
3003
3003
3003
2457
3822
3003
3822
3481
2491
1911
3959
0
1911
0
0
0
2457
3003
1983
2047
3822
3003
3003
2457
3003
2521
3003
3822
3822
0
2935
1791
2934
3959
0
0
3822
1919
1911
3822
3822
2995
0
3822
3822
3003
2935
0
2971
0
3003
0
0
2457
2457
3001
3003
0
3822
3310
4087
3822
2491
0
2491
0
0
2047
3959
3037
2999
1911
0
3822
3822
0
3963
0
3822
3293
3003
2971
0
2046
1774
2457
2459
0
3822
2457
0
3822
0
0
1911
3822
3822
3822
3831
3959
2031
3001
0
2971
1911
3822
2867
3003
3003
0
1911
3959
3959
3001
3822
2995
2969
3003
3003
0
3003
0
0
2995
3003
0
1911
2999
3003
3959
4027
3822
0
1975
2971
0
0
1919
3822
2971
2969
3822
1911
2030
3823
3822
0
0
1911
3001
3003
3003
3959
1911
3963
0
3549
2971
3822
0
3003
3003
2047
2457
3003
3003
3822
0
2969
1979
2935
2971
2969
3003
3003
3822
0
2457
3003
3003
0
3003
2039
3963
0
0
3958
3822
2030
0
3003
0
3003
0
2971
3959
3950
1911
3959
3822
1911
2459
2460
1911
3822
3822
3950
3822
2046
3822
2995
3003
3003
3963
3003
3959
2935
2039
2969
2934
0
3959
4027
0
3822
3958
1911
0
3003
0
1919
1911
0
3958
3003
1911
1911
3003
0
1911
3837
0
3003
0
0
1910
3003
3533
3003
3003
0
0
2995
1911
1774
1775
0
2046
0
0
2047
0
0
3003
4027
1911
2457
3003
0
1911
3955
0
3548
2030
2457
3003
1911
0
2999
3822
3292
1911
4027
2047
3950
3003
1911
3003
1911
0
3958
1911
3814
0
3822
0
2030
0
3838
2999
1911
3823
0
0
0
0
0
3003
3003
2491
3001
2999
2046
3823
3003
3822
3001
3967
3003
1919
3003
0
0
1851
2457
0
1919
0
0
1911
1911
2047
2525
3037
1915
2931
3003
0
3003
2457
1975
2047
3806
2457
1911
3003
2038
3003
2489
1791
2046
0
0
3003
3003
0
1911
3805
3003
3003
2459
0
1911
2491
0
2971
3959
0
1918
3822
1911
1774
2867
0
3822
3822
4095
3823
0
3959
2489
3003
3003
2489
3805
4078
2047
3821
1911
3959
2995
2457
2457
0
0
3003
0
0
3822
3003
0
2867
0
0
2489
0
0
3822
0
0
3003
1911
3005
0
3003
3821
0
1911
0
2871
2935
3822
0
3276
3003
2935
3003
3003
2039
3549
3789
0
0
3821
2046
1911
3822
0
1911
3820
0
1911
3003
2046
1919
3959
3822
3003
0
3003
2867
3003
0
4023
2995
1911
2449
3003
0
1911
3003
2935
2969
1911
2451
0
3822
3959
3003
1918
2030
3003
0
0
2867
1911
3822
3003
1911
2043
3003
2030
2875
3805
0
3003
3822
3003
2973
1911
0
1919
3963
0
1911
2043
1911
1919
0
1919
3951
2971
3003
0
3822
2483
1910
3805
1911
3003
1910
3822
3822
3003
2039
3003
3805
2491
1911
0
3822
3821
3822
2854
3822
1911
0
1911
2047
3822
3003
3959
0
2457
2969
3822
3003
3003
3821
2457
0
2457
1911
3293
3695
2871
3003
4027
3822
2995
3003
0
1902
0
3822
1911
3822
3003
3003
0
3831
0
0
0
3950
0
0
3821
1911
3003
3003
2047
1919
2030
3003
1911
3963
3003
1919
3003
0
0
2457
3003
0
3822
3822
3823
3003
1911
2935
2867
3959
3003
1911
3806
3035
2995
3821
0
0
0
3003
0
3822
1983
0
0
4023
3003
0
3003
1911
2457
3003
2457
0
1911
2457
2457
3823
1911
546
3003
3822
2995
1983
0
2030
0
1911
2457
2935
2030
2935
3822
0
0
