1984
2046
3037
3003
3003
1911
3822
0
3071
2943
3959
3003
3967
3822
3003
0
2457
0
0
3003
2030
3003
0
3003
3003
3003
3822
2973
3003
3823
3822
3822
3003
1911
1911
2457
3958
0
3822
3003
2030
3822
3822
3822
2031
2457
0
3545
3003
3821
3003
0
3822
2995
2999
3003
0
0
2039
1919
3822
1911
2491
3822
3003
3959
2457
2481
2969
1979
2875
1911
3003
0
3959
1919
2030
3822
3839
3822
1911
3959
1979
2459
0
2461
4031
2491
0
0
0
0
3963
3823
1911
2995
0
1911
2047
0
3003
2031
2969
3822
4027
3822
4027
4079
3063
3003
3821
3003
2995
3003
3958
1911
0
3822
4023
2995
0
2457
4023
3822
1903
3003
3035
3071
4027
3822
3003
3003
0
0
1911
2525
2457
3003
2039
3967
2047
2969
3003
3959
2457
3003
2999
3822
2030
3003
0
2969
3822
3822
2030
1919
3003
4027
2867
3003
3822
3003
2457
3822
2039
3959
3822
0
2935
3959
4078
3071
0
2031
1911
2039
4027
2973
3820
3821
3533
3003
2935
3003
0
0
1911
2039
3003
0
1902
1911
0
4027
2971
3003
3003
3063
3308
2971
0
1919
0
3959
0
3822
1919
1919
3003
0
3003
0
2999
3003
1911
2457
4078
2030
3003
2461
0
1911
0
0
3821
1911
3959
1911
2523
2999
2457
2483
3822
1911
2995
1919
3963
3822
2457
2999
1915
3959
0
3276
3003
3822
3788
3003
3822
3959
1911
0
3958
4087
3003
2935
3822
2047
0
2491
0
2931
3003
3805
3822
0
3959
0
1919
1911
3950
3003
3485
0
3037
3822
2039
3001
1911
3959
0
2047
1918
3003
3003
3821
3003
2457
2459
3822
3822
3966
2995
2047
3821
3277
3788
0
3822
4023
1919
3532
0
3822
3806
0
3003
1911
2999
3037
1911
1911
2030
2030
3822
3958
2039
3959
1918
1911
0
0
3822
0
3003
3003
2934
1911
3963
4087
2047
4023
1911
3822
0
3003
2030
3822
3310
2030
3823
3958
4086
2935
3830
2046
3806
3003
2457
3950
2461
1911
3003
3788
3822
3789
1911
1911
0
0
2039
3822
2031
3822
2999
3003
0
3821
3003
3959
4079
0
2971
2971
2047
1918
3820
3823
3950
2457
3895
3003
0
2999
0
1911
0
2461
3071
0
2999
1911
1911
3003
2030
1911
1911
2867
2030
0
2491
3007
3003
3805
1911
3822
3003
3822
2939
4091
3822
2973
0
2456
3003
2491
4091
3821
3958
1911
3003
3071
3823
3822
3003
3821
1911
3821
0
2935
3963
1919
3822
0
1911
3003
1911
1911
3822
1911
1911
2457
2971
4027
1911
3822
1911
2935
2935
2871
0
0
1918
3822
2489
1911
2971
3822
3007
1911
3822
2457
3822
3003
0
2521
0
2046
2971
0
2043
3805
0
2047
2457
3959
2047
3003
4027
3003
0
2457
0
3003
0
3805
2491
2457
0
0
3003
4023
4023
3789
2457
0
2459
3958
3959
0
3822
3003
2047
3310
1911
3822
2047
3821
0
3822
3003
2031
3003
0
1910
3959
2459
3822
3822
2939
3822
0
2456
3003
3822
0
0
0
3003
3822
3822
2457
3959
2457
1918
3822
0
1911
1911
3822
2457
2457
1902
0
1911
3003
2525
3037
3822
1911
0
3003
3003
2355
3822
3822
1919
0
2935
3308
3003
2999
3959
2451
3959
4027
4027
2030
3003
2871
3035
3950
3959
0
3821
4027
2999
4078
3003
2047
0
3822
3822
1911
3003
3959
1911
1911
3958
3967
0
0
2934
2457
2457
1911
0
2935
0
3959
2043
3003
2046
1911
0
3959
1919
1911
0
3822
3003
2046
2525
3822
3003
2525
2457
2491
3003
2046
1911
4023
3003
0
1919
0
2457
3958
3822
2445
3003
2971
3003
2457
1911
3822
3959
3003
3003
1911
3821
3959
1911
3007
1919
2935
2833
1911
1911
3003
0
3003
2971
3310
3822
0
3822
3533
3822
3967
2935
3950
3003
3003
3822
3549
3003
3003
3003
1911
3003
2969
2491
4078
3959
1911
2939
2457
0
2355
2043
3003
2047
2969
2935
0
1902
0
3003
2459
2030
0
4078
0
3822
0
2039
2935
3822
3003
3003
3822
1911
1911
2039
3959
3003
3003
3545
0
2043
1911
0
0
3966
3822
2031
3003
2461
3003
3003
0
3959
3822
2355
4023
3959
2030
3005
3067
3001
1911
1911
3950
1911
3967
2999
0
3003
3003
3822
2939
3003
2969
4023
2321
0
3822
3822
0
3003
3003
2999
2491
3067
3822
1911
1911
0
3007
0
3967
2935
3822
4027
2039
3822
3822
3822
1903
0
2459
0
0
3830
3003
1911
2039
3037
3310
1911
2047
2995
3822
2973
3822
2935
3821
0
3822
3822
2459
2525
2459
3003
1919
4023
3805
1911
3822
3958
1918
2489
4027
3003
3959
2481
3003
3003
2973
2039
3003
1911
1911
3003
3003
1911
2971
3950
1919
0
1911
3003
3003
3310
3003
2047
3003
3003
4027
3806
2459
1919
2999
1911
2971
0
1911
1911
3822
1918
2355
0
3822
0
2451
3805
0
2973
2457
0
3037
0
2047
3003
2457
0
2459
3003
3545
1911
2935
0
0
2969
3959
3838
2491
0
4027
2457
3003
4023
2525
2457
3805
3822
2491
1918
2969
2457
0
3821
3806
2999
3822
3959
3033
1911
3003
0
3822
3003
3821
3822
2935
3822
2457
2353
2457
3003
2999
0
0
3959
3805
2459
3003
3001
3003
0
2039
2047
1775
0
2457
3003
0
2491
2459
3966
0
3003
2459
3003
3821
3822
1919
1911
2995
1911
2457
3806
1911
2491
4094
4087
3003
2525
2047
3950
2043
3822
3071
1911
1911
3959
3063
2525
1774
3822
2483
3822
2871
0
1911
3822
1919
0
2457
3958
3950
2973
1911
3003
2457
0
0
3822
3037
2935
2039
3822
1911
3003
3003
0
0
1919
3003
2047
0
2973
3790
0
3003
0
1911
2459
3822
2043
3950
3822
3822
3063
3958
3003
3822
2935
3003
0
1911
3003
3003
3037
2046
3822
0
3950
2971
0
3959
3003
3821
2971
2969
3822
1911
0
3292
3276
3821
2971
2525
