1984
3003
3549
3532
3003
4078
3806
3549
3001
1919
4078
4095
4027
4027
3532
1911
3513
3003
3821
3007
3549
1911
2047
3549
2047
3003
3003
2460
2457
3822
3549
3958
3549
3959
3547
2935
3822
3549
4023
2457
2047
3003
3003
2039
3003
3839
3037
2457
3067
3549
3545
3276
3517
1911
3959
3037
2457
3822
3959
3003
2457
2525
2521
3959
3822
3007
3069
3549
3037
2031
2457
3548
3069
3963
1919
3292
3003
1911
3003
3549
1911
3515
2046
3822
1911
4087
3821
2441
3003
3069
3003
3822
3549
3547
3967
3959
4078
3821
0
2456
3549
3003
4091
3839
0
3822
3533
2935
3838
3545
1919
2999
3549
3037
2491
3003
4087
2457
1911
3003
3822
3035
3959
3959
1911
3003
3067
2459
3003
3822
3822
2457
3003
3837
3515
3003
2461
3003
3003
2995
4091
3003
4095
3003
2491
3003
3959
3292
1918
3821
3549
3806
3532
3823
0
2971
3003
3579
2971
1919
3822
2039
4087
1911
1911
3035
1911
3822
1911
3549
3003
2440
3545
3067
1919
3549
4023
3293
3003
2457
3003
2457
1911
3037
3548
3822
3967
2440
4087
3069
3549
2489
3003
3822
3822
3549
3967
3839
3959
3007
3549
3003
2457
3515
3549
4087
3959
3007
3822
3959
3007
4094
3549
3959
3003
3003
3003
3959
2039
3515
3485
3805
1911
3003
2047
3959
3839
3823
4061
3822
3966
2039
2039
1911
3003
3037
1911
2047
3959
3071
3547
3063
2047
3003
3003
3823
3958
3548
2039
3003
3838
3007
2457
3003
3822
3037
1911
3549
2440
2459
4023
2047
3823
3003
2457
1911
3805
0
3959
3067
3003
3821
2525
1911
3483
3959
3821
1918
3063
1911
3549
3037
4095
3822
3823
4078
3963
3003
3549
2457
3549
2523
4087
3545
2457
3822
3003
3549
4027
3839
1919
2457
1919
3071
3003
2030
4087
4087
3003
3950
3003
0
2047
2457
3959
1911
3037
3003
3481
3959
2489
3822
3003
3822
3549
2047
3959
3950
2047
3549
3822
3959
3967
2973
3037
4095
2457
1918
3003
2047
3822
3037
3545
4087
2030
3822
3822
3003
3515
3515
2491
2457
1911
3003
3822
3547
2999
3003
3549
3071
4087
2491
3037
3822
3963
4087
3003
1911
3822
3959
3545
3959
4087
3821
2047
3483
3003
3545
3822
3003
3001
3822
3548
4095
1911
2525
2046
3822
2457
0
3007
4091
3003
3549
2457
2457
1919
3003
3822
2039
2491
3822
1911
3822
3959
3515
3822
3003
3069
3963
1919
2184
3823
3003
3967
3823
3549
3839
2459
3037
3959
2457
3515
3003
4027
2047
3532
3549
3003
3959
3549
2969
3950
3822
3549
3822
4095
3483
3547
3063
3005
2461
4094
0
3007
4087
3549
3959
3533
3551
3533
3545
2457
3822
4078
2456
3003
4027
2046
3822
4087
2441
3003
3549
0
3549
3003
3067
2047
1911
4095
3822
2969
3547
3003
3003
3276
4095
3515
3003
3547
1911
3483
3822
3003
3822
3007
3823
3822
2457
3003
2935
3549
3959
3805
3822
2039
3822
3822
3005
1919
3822
4031
2047
3003
4087
2935
2461
2043
4027
1918
2999
3003
3067
3003
3823
3003
2491
3966
2047
3838
1911
3547
2047
3805
2525
3822
3035
2030
3003
2047
3822
3003
3003
2441
3823
3549
3003
1911
2525
3822
3549
3549
3549
4027
3822
3003
2457
2200
3822
3007
1919
4091
3003
3003
3838
3293
2039
3959
3003
0
1911
3822
3035
3003
3549
3967
3959
1911
4023
3007
3037
3037
3950
3959
3003
0
3822
3037
3067
3003
3822
3549
2441
3005
3821
3549
3003
2201
2440
2459
1911
3822
3959
3549
3545
3003
3822
3293
3822
3067
3805
3549
1911
3037
4027
1919
2457
4094
1919
3837
3548
2491
4087
4095
3549
3003
3822
1911
2457
2999
3822
3292
3959
2491
4078
3967
2444
3547
3035
2039
3549
2047
3003
3822
2489
1911
3823
3549
3822
1911
3959
3003
4079
3003
3822
2047
3003
3069
3966
3549
3959
2525
3822
3821
3037
3822
0
3003
3003
1911
2871
3003
3003
2457
3037
1911
2525
2935
3950
1911
2935
2459
2971
0
3481
3549
3959
4027
3959
4079
2459
3822
3515
3003
3003
3959
4062
2460
3549
3545
3293
3549
4087
3549
1919
3308
3822
3549
2201
0
3545
3003
1911
3003
1919
2039
1919
3837
3822
3967
3007
2047
3003
3549
3549
2030
2039
2457
3515
3822
4094
3839
3823
3548
3837
2030
2935
2491
4027
1919
3003
2999
3037
3959
2457
3822
3003
3950
2456
3831
3823
4027
3276
1911
4027
3037
3822
2457
2935
4094
4078
3003
4027
3003
3003
2456
3959
4094
3549
1911
3805
3839
2999
3003
2039
2047
3037
3039
3822
3549
3003
3549
2935
3003
3549
3545
2935
4078
3003
3003
3823
3822
2999
2047
2973
3007
2457
3959
3037
2459
3545
3549
2047
3822
2491
4095
3823
3822
2489
4027
3007
3003
3579
3037
3959
3069
3003
2489
3003
1919
3822
3547
3838
1918
2047
3003
3549
2456
3007
3035
3822
3293
3003
3003
3959
3003
3966
1911
3549
3805
3822
2047
1919
2457
1919
0
3003
3549
3549
3821
2935
3003
3003
4027
3959
3003
1911
2047
2457
3549
3839
3515
1911
3549
3966
3837
3967
3822
3822
3822
3515
2935
3823
3545
2030
4087
1911
3513
2525
4087
3549
1911
3839
4031
4023
3532
1911
3549
3822
4031
3515
3007
2457
2491
2457
4078
1919
3545
3549
2039
3003
3823
2047
3515
3959
3549
0
2440
3003
1919
3839
3003
3003
2046
3959
3003
4023
1911
4087
3959
2973
1919
3959
4027
3823
2039
3003
3822
3823
3003
3485
4087
3549
2047
4027
3821
3967
4079
3959
3003
3549
3959
3067
3823
3483
3035
3822
3545
3037
3549
3069
3822
1911
3515
3950
3003
3822
3822
3067
3003
1911
2459
4095
1911
3003
3959
3007
1919
1911
4087
2440
1919
1911
2039
3959
1911
2999
4087
3003
3839
2457
2441
3003
3003
2046
3548
3037
3958
2521
3003
3967
3513
3547
3805
3823
2039
2440
3822
3822
3822
3963
3959
3003
2457
2521
3003
3549
3822
3959
2457
3003
3822
3822
3549
1911
3549
2459
3805
3548
3001
3485
3481
3549
3067
1919
3003
3822
3822
2457
3007
3003
3966
3067
