3520
3822
4087
4027
4095
1919
4091
4094
3549
4095
4027
4031
3579
4087
4027
2047
3959
4095
4087
3822
3582
4061
3959
4031
3515
3276
4031
3003
3549
2039
3277
3822
3549
3547
3293
3549
3037
3549
3067
4091
4095
4061
3549
3071
1919
3308
4094
4078
2047
4027
3822
1911
3003
4061
3071
2046
4095
3007
3003
1911
3067
3549
4027
4079
3822
2039
3003
3822
4061
3822
3839
3967
4095
4027
4094
3822
3581
4095
3003
4027
1911
3822
3071
3549
1911
1919
2047
3959
4093
3549
3549
3003
4087
3549
3277
3839
3822
3549
4079
3959
3549
3966
3003
3839
1911
3823
3959
4027
3549
4094
3822
3822
3839
4079
4031
4095
3838
3823
4059
4027
3063
3966
1919
3549
2047
3959
2039
3071
3003
3967
4087
4027
2047
4087
3838
3007
3003
4031
3549
3967
2047
4027
3549
1919
2039
3549
3959
1911
2047
3549
3549
3549
3549
3959
4027
4095
4087
3959
3003
3515
3583
3822
4087
3549
3549
3549
3822
3551
4027
3003
4095
1919
4095
4087
4078
3959
4027
2047
2047
3549
3549
3549
4095
3823
4027
2047
4059
4091
3823
4061
3967
4091
4091
2935
3007
3071
3549
4095
3003
3533
3069
3549
4095
3007
3063
3967
3007
4078
4087
3549
3519
3071
4063
4078
4061
3003
3549
3310
3549
3959
4095
4027
3549
3007
3003
3959
3959
4027
3822
4095
4087
3822
3579
4091
3551
3966
4095
4094
3822
4095
4087
4031
4031
4095
3823
3967
3547
3839
3822
4095
3959
3550
3007
4027
3822
3515
2935
3549
3822
3549
3003
3583
3071
2047
4027
3549
3959
3515
3549
3007
3549
3532
4091
3549
4027
2047
4094
2047
3566
3071
3966
3545
3549
4095
4079
3071
4087
3003
3549
3071
4061
3822
2047
3549
4087
4027
3549
3549
3549
4093
4091
3007
2039
3549
1911
4087
4027
4087
3822
3517
3549
3566
4095
3549
3959
4095
3515
3549
4093
4079
4063
3549
3549
3959
3310
3549
4091
3959
3549
3071
3551
3007
2047
3821
3003
3823
4087
3067
3550
3549
4027
3549
3549
3967
3959
3549
3959
4095
3822
3277
3003
4095
2047
3003
1919
3278
3549
3547
3533
3063
3067
3959
4027
3067
2031
4095
3003
3959
2047
4027
1919
3293
4095
2047
3549
3822
4094
4087
3839
2030
3071
3838
4095
3822
3581
2047
4095
3310
3547
4095
4031
3071
4079
4078
2047
4061
4078
2047
4027
3566
3547
4061
4027
4078
3003
3551
3565
2047
3549
3067
4091
3547
3549
3549
2047
4087
3551
2047
3007
3549
3823
4095
4095
3007
3579
4061
4091
3003
3547
1919
3308
3839
3547
2047
3549
3959
3003
4091
2039
4063
3549
3549
4027
3549
3551
4087
4095
3549
3549
3967
3515
3071
3823
3071
3822
3549
3959
3549
3839
3003
3003
3003
3959
3003
3309
3822
3549
3549
3549
3822
4087
3071
4095
4078
4061
3003
3839
3003
2047
3549
3003
3549
3839
4027
4078
3549
3293
3293
4061
4087
3549
3067
3003
3959
4063
3003
3823
4091
4078
3071
3959
3839
3310
3548
3550
3966
2047
4087
2047
3545
3067
3565
3549
3549
3003
3839
4078
4027
4063
4063
4094
2047
3067
3823
4061
3003
2935
4027
3548
3067
1919
4095
3071
3582
4087
4078
4095
3547
3276
4061
3822
4095
4091
3007
3838
3071
3549
4087
3549
3581
3515
4095
4031
2047
4061
3547
3821
3547
3549
3550
3959
4095
3822
3515
3583
3583
1911
3007
3549
3549
4078
3003
4095
4095
1919
3959
4095
2047
3003
3547
4078
3007
3293
4031
3071
3967
4031
3967
2047
3067
3549
3549
3959
4061
3071
3003
3959
3515
4078
3071
4063
3823
3959
3071
3533
3579
4027
4061
4078
3549
3549
3549
3838
3003
3549
3839
3534
3565
4095
4093
3566
4087
3549
3967
4095
3549
4095
3822
3566
4091
3003
4078
4027
3549
3071
3549
3583
3551
3823
2047
4079
3071
3292
3823
3549
3549
3822
3549
4087
3007
3822
3822
4027
2046
3549
3967
3823
4095
1919
4087
4061
3308
3278
3549
3549
4023
4061
3549
4095
3583
4095
3003
3822
3071
3549
3822
3549
4095
3293
3067
3550
3967
4095
2039
3822
3549
3821
2039
4091
4087
3063
3822
3549
3822
3583
4094
3003
3579
1911
4061
3822
3549
4061
2047
3549
4078
3822
3822
3959
4061
4061
2047
3565
3582
3959
3821
2047
4061
3551
3549
3549
3071
3551
3549
3959
3545
3838
4095
3959
3549
4027
4095
3583
3959
3071
2039
4093
4031
4031
3007
4095
3822
2047
3822
3822
3822
3549
4095
4095
3822
3003
4087
4087
3823
4078
3549
3549
4087
3549
4061
3579
4031
2047
3549
3822
4061
3551
3959
3967
3822
3822
4095
3822
4031
3003
3071
4031
3967
4027
1919
3959
3293
3003
3967
3003
3579
3515
4063
3549
4093
3967
3581
3822
3548
3549
3515
4087
3549
3003
3067
3959
4095
3071
4094
3549
3007
3549
4087
3549
3959
3549
3549
3549
3823
3007
4095
3069
3532
2047
3007
4061
3959
3067
4095
4095
3063
4027
4061
3822
1919
3071
3003
3547
3007
3822
2047
3549
4027
4061
4063
3579
3007
3822
3967
4031
2047
4087
4095
3003
3003
4095
3959
3583
4095
2047
3067
3967
3007
3003
3003
3839
1919
3839
3549
3822
3959
3581
3551
4027
3549
3071
3293
4095
3823
3003
3007
3822
4094
3959
3003
4027
2047
3071
3003
4031
4095
3549
3533
3003
2047
4091
3071
4095
3549
2039
3565
3549
3959
4027
3959
4061
2047
3959
2047
3822
3839
3003
2047
1911
4095
3003
4087
4094
3276
3966
3310
3549
4027
3959
4027
3549
4091
4095
3822
3003
3823
3549
3293
3007
3966
3549
4059
4027
3551
3003
4078
3547
3821
4079
3551
3071
3532
3549
4027
3581
3967
3822
3515
4027
3822
3967
3003
3549
4095
3549
4027
4091
2047
3549
4087
4094
4061
4027
4078
2047
4095
4095
4087
3581
2047
3579
3959
4095
4094
3822
4078
4027
4027
3071
4095
4027
3534
3003
3549
3003
3549
3003
2039
1919
2047
3823
4027
4027
3551
4063
4079
3549
4094
3549
4095
4027
4027
3548
3071
3547
3007
3534
3549
3822
3071
4087
3967
3550
3823
4027
3063
3549
3551
4078
4095
3003
3839
4027
3551
