2624
2661
2660
2658
2645
2656
2638
2645
2643
2648
2640
2642
2650
2641
2648
2634
2645
2638
2648
2629
2648
2634
2645
2634
2650
2629
2652
2634
2645
2642
2650
2641
2652
2638
2647
2658
2650
2653
2658
2666
2653
2664
2658
2663
2664
2666
2655
2670
2664
2672
2664
2666
2663
2675
2666
2673
2670
2670
2677
2672
2682
2677
2686
2667
2679
2679
2688
2673
2688
2667
2685
2678
2690
2676
2691
2682
2685
2680
2690
2685
2688
2690
2685
2696
2690
2685
2688
2696
2685
2696
2688
2687
2690
2696
2677
2694
2682
2693
2688
2690
2679
2691
2696
2685
2698
2690
2693
2688
2698
2685
2698
2682
2693
2686
2698
2677
2696
2670
2687
2682
2690
2677
2691
2682
2685
2690
2688
2687
2688
2690
2679
2691
2682
2685
2682
2690
2677
2690
2671
2685
2677
2690
2677
2684
2670
2677
2678
2682
2685
2681
2690
2677
2686
2671
2685
2678
2690
2677
2690
2670
2685
2674
2690
2676
2690
2670
2685
2684
2690
2677
2692
2696
2687
2696
2696
2693
2699
2698
2693
2708
2698
2709
2706
2714
2705
2722
2702
2725
2722
2730
2719
2734
2730
2737
2746
2730
2741
2744
2747
2741
2758
2746
2757
2752
2762
2749
2762
2746
2757
2746
2750
2743
2760
2746
2757
2754
2762
2757
2760
2762
2757
2766
2762
2768
2763
2762
2757
2770
2751
2768
2755
2762
2752
2763
2746
2757
2747
2746
2741
2746
2746
2737
2744
2730
2737
2722
2730
2709
2722
2702
2711
2704
2714
2693
2707
2690
2695
2690
2698
2685
2696
2682
2685
2690
2682
2679
2683
2688
2677
2688
2667
2677
2675
2682
2663
2678
2666
2676
2662
2666
2661
2667
2658
2661
2656
2658
2661
2652
2658
2645
2659
2650
2653
2646
2658
2644
2656
2634
2647
2642
2650
2629
2651
2638
2645
2642
2650
2641
2652
2650
2645
2654
2650
2653
2654
2658
2653
2662
2656
2661
2655
2666
2653
2666
2658
2672
2664
2666
2661
2674
2666
2673
2682
2670
2685
2680
2690
2677
2698
2688
2693
2684
2698
2685
2700
2688
2695
2690
2698
2685
2702
2690
2705
2696
2698
2705
2704
2698
2695
2708
2698
2709
2702
2702
2695
2712
2698
2708
2696
2699
2685
2703
2696
2695
2694
2698
2685
2694
2698
2685
2702
2690
2705
2694
2698
2687
2707
2698
2708
2696
2702
2687
2710
2698
2709
2703
2702
2693
2710
2698
2709
2710
2699
2709
2710
2714
2705
2712
2699
2709
2702
2702
2693
2712
2698
2705
2696
2698
2693
2700
2696
2693
2694
2696
2693
2691
2698
2685
2698
2688
2693
2688
2696
2677
2696
2680
2685
2676
2690
2673
2688
2666
2677
2674
2682
2663
2680
2680
2677
2678
2667
2677
2675
2680
2672
2680
2666
2677
2668
2670
2661
2680
2666
2676
2670
2670
2672
2674
2666
2677
2682
2670
2679
2678
2690
2677
2690
2682
2687
2688
2698
2677
2702
2690
2701
2690
2699
2695
2714
2698
2709
2709
2722
2717
2720
2728
2719
2731
2728
2727
2734
2734
2725
2742
2730
2741
2736
2746
2740
2751
2746
2741
2747
2746
2741
2750
2747
2741
2760
2746
2757
2746
2751
2741
2755
2734
2753
2740
2746
2725
2750
2730
2741
2734
2734
2725
2738
2730
2725
2734
2730
2725
2724
2728
2717
2724
2714
2717
2710
2714
2704
2710
2698
2705
2694
2698
2685
2696
2690
2685
2694
2682
2685
2682
2690
2677
2686
2666
2677
2668
2670
2661
2672
2658
2661
2654
2666
2645
2664
2650
2655
2648
2658
2653
2655
2658
2645
2656
2650
2653
2650
2656
2645
2658
2638
2647
2644
2656
2644
2654
2638
2653
2650
2656
2645
2656
2658
2647
2663
2656
2661
2658
2666
2653
2668
2658
2663
2658
2666
2653
2672
2658
2677
2666
2670
2661
2678
2666
2677
2678
2670
2677
2679
2682
2677
2686
2682
2685
2680
2690
2677
2690
2682
2685
2679
2690
2677
2688
2682
2685
2686
2688
2685
2688
2696
2685
2696
2688
2693
2688
2696
2677
2696
2682
2693
2682
2698
2677
2696
2682
2687
2684
2696
2677
2690
2690
2685
2694
2690
2685
2688
2696
2679
2691
2682
2685
2682
2690
2677
2689
2670
2677
2678
2688
2677
2683
2666
2677
2687
2680
2679
2676
2682
2677
2682
2666
2677
2674
2688
2661
2682
2666
2677
2664
2682
2669
2682
2666
2677
2668
2667
2677
2674
2670
2673
2682
2666
2677
2671
2671
2672
2678
2666
2676
2668
2670
2661
2678
2666
2676
2668
2666
2663
2674
2670
2663
2680
2666
2677
2670
2670
2663
2682
2666
2677
2666
2682
2661
2680
2666
2677
2674
2682
2673
2683
2670
2677
2688
2682
2685
2688
2690
2685
2699
2696
2693
2692
2698
2693
2707
2698
2709
2706
2714
2709
2718
2714
2717
2730
2722
2727
2732
2734
2725
2744
2731
2741
2738
2746
2740
2754
2734
2753
2744
2751
2741
2758
2746
2757
2750
2750
2757
2758
2751
2756
2760
2746
2757
2752
2746
2741
2754
2746
2752
2736
2746
2733
2744
2730
2736
2730
2730
2719
2726
2730
2717
2728
2720
2717
2715
2722
2708
2715
2698
2709
2698
2702
2685
2703
2688
2693
2688
2690
2677
2688
2667
2677
2683
2670
2677
2674
2670
2672
2674
2666
2663
2664
2666
2653
2664
2658
2655
2648
2658
2645
2656
2650
2645
2646
2650
2647
2646
2656
2645
2658
2638
2653
2646
2658
2644
2656
2638
2653
2644
2656
2641
2657
2648
2653
2648
2658
2645
2658
2658
2653
2663
2658
2661
2662
2666
2661
2666
2664
2663
2664
2666
2655
2670
2666
2676
2666
2666
2663
2678
2666
2676
2683
2670
2685
2678
2688
2677
2690
2670
2685
2678
2690
2677
2690
2670
2685
2675
2690
2677
2690
2682
2685
2680
2690
2685
2688
2690
2677
2691
2690
2685
2684
2690
2677
2690
2682
2685
2679
2690
2673
2688
2671
2685
2676
2682
2677
2682
2688
2677
2688
2671
2685
2678
2688
2677
2690
2666
2679
2674
2682
2672
2683
2666
2677
2674
2682
2663
2680
2666
2677
2678
2667
2677
2675
2670
2663
2675
2666
2673
2668
2666
2661
2675
2664
2672
2661
2666
2661
2668
2664
2661
2662
2666
2663
2665
2666
2661
2670
2658
