2624
0
2661
0
2660
0
2658
0
2645
0
2656
0
2638
0
2645
0
2643
0
2648
0
2640
0
2642
0
2650
0
2641
0
2648
0
2634
0
2645
0
2638
0
2648
0
2629
0
2648
0
2634
0
2645
0
2634
0
2650
0
2629
0
2652
0
2634
0
2645
0
2642
0
2650
0
2641
0
2652
0
2638
0
2647
0
2658
0
2650
0
2653
0
2658
0
2666
0
2653
0
2664
0
2658
0
2663
0
2664
0
2666
0
2655
0
2670
0
2664
0
2672
0
2664
0
2666
0
2663
0
2675
0
2666
0
2673
0
2670
0
2670
0
2677
0
2672
0
2682
0
2677
0
2686
0
2667
0
2679
0
2679
0
2688
0
2673
0
2688
0
2667
0
2685
0
2678
0
2690
0
2676
0
2691
0
2682
0
2685
0
2680
0
2690
0
2685
0
2688
0
2690
0
2685
0
2696
0
2690
0
2685
0
2688
0
2696
0
2685
0
2696
0
2688
0
2687
0
2690
0
2696
0
2677
0
2694
0
2682
0
2693
0
2688
0
2690
0
2679
0
2691
0
2696
0
2685
0
2698
0
2690
0
2693
0
2688
0
2698
0
2685
0
2698
0
2682
0
2693
0
2686
0
2698
0
2677
0
2696
0
2670
0
2687
0
2682
0
2690
0
2677
0
2691
0
2682
0
2685
0
2690
0
2688
0
2687
0
2688
0
2690
0
2679
0
2691
0
2682
0
2685
0
2682
0
2690
0
2677
0
2690
0
2671
0
2685
0
2677
0
2690
0
2677
0
2684
0
2670
0
2677
0
2678
0
2682
0
2685
0
2681
0
2690
0
2677
0
2686
0
2671
0
2685
0
2678
0
2690
0
2677
0
2690
0
2670
0
2685
0
2674
0
2690
0
2676
0
2690
0
2670
0
2685
0
2684
0
2690
0
2677
0
2692
0
2696
0
2687
0
2696
0
2696
0
2693
0
2699
0
2698
0
2693
0
2708
0
2698
0
2709
0
2706
0
2714
0
2705
0
2722
0
2702
0
2725
0
2722
0
2730
0
2719
0
2734
0
2730
0
2737
0
2746
0
2730
0
2741
0
2744
0
2747
0
2741
0
2758
0
2746
0
2757
0
2752
0
2762
0
2749
0
2762
0
2746
0
2757
0
2746
0
2750
0
2743
0
2760
0
2746
0
2757
0
2754
0
2762
0
2757
0
2760
0
2762
0
2757
0
2766
0
2762
0
2768
0
2763
0
2762
0
2757
0
2770
0
2751
0
2768
0
2755
0
2762
0
2752
0
2763
0
2746
0
2757
0
2747
0
2746
0
2741
0
2746
0
2746
0
2737
0
2744
0
2730
0
2737
0
2722
0
2730
0
2709
0
2722
0
2702
0
2711
0
2704
0
2714
0
2693
0
2707
0
2690
0
2695
0
2690
0
2698
0
2685
0
2696
0
2682
0
2685
0
2690
0
2682
0
2679
0
2683
0
2688
0
2677
0
2688
0
2667
0
2677
0
2675
0
2682
0
2663
0
2678
0
2666
0
2676
0
2662
0
2666
0
2661
0
2667
0
2658
0
2661
0
2656
0
2658
0
2661
0
2652
0
2658
0
2645
0
2659
0
2650
0
2653
0
2646
0
2658
0
2644
0
2656
0
2634
0
2647
0
2642
0
2650
0
2629
0
2651
0
2638
0
2645
0
2642
0
2650
0
2641
0
2652
0
2650
0
2645
0
2654
0
2650
0
2653
0
2654
0
2658
0
2653
0
2662
0
2656
0
2661
0
2655
0
2666
0
2653
0
2666
0
2658
0
2672
0
2664
0
2666
0
2661
0
2674
0
2666
0
2673
0
2682
0
2670
0
2685
0
2680
0
2690
0
2677
0
2698
0
2688
0
2693
0
2684
0
2698
0
2685
0
2700
0
2688
0
2695
0
2690
0
2698
0
2685
0
2702
0
2690
0
2705
0
2696
0
2698
0
2705
0
2704
0
2698
0
2695
0
2708
0
2698
0
2709
0
2702
0
2702
0
2695
0
2712
0
2698
0
2708
0
2696
0
2699
0
2685
0
2703
0
2696
0
2695
0
2694
0
2698
0
2685
0
2694
0
2698
0
2685
0
2702
0
2690
0
2705
0
2694
0
2698
0
2687
0
2707
0
2698
0
2708
0
2696
0
2702
0
2687
0
2710
0
2698
0
2709
0
2703
0
2702
0
2693
0
2710
0
2698
0
2709
0
2710
0
2699
0
2709
0
2710
0
2714
0
2705
0
2712
0
2699
0
2709
0
2702
0
2702
0
2693
0
2712
0
2698
0
2705
0
2696
0
2698
0
2693
0
2700
0
2696
0
2693
0
2694
0
2696
0
2693
0
2691
0
2698
0
2685
0
2698
0
2688
0
2693
0
2688
0
2696
0
2677
0
2696
0
2680
0
2685
0
2676
0
2690
0
2673
0
2688
0
2666
0
2677
0
2674
0
2682
0
2663
0
2680
0
2680
0
2677
0
2678
0
2667
0
2677
0
2675
0
2680
0
2672
0
2680
0
2666
0
2677
0
2668
0
2670
0
2661
0
2680
0
2666
0
2676
0
2670
0
2670
0
2672
0
2674
0
2666
0
2677
0
2682
0
2670
0
2679
0
2678
0
2690
0
2677
0
2690
0
2682
0
2687
0
2688
0
2698
0
2677
0
2702
0
2690
0
2701
0
2690
0
2699
0
2695
0
2714
0
2698
0
2709
0
2709
0
2722
0
2717
0
2720
0
2728
0
2719
0
2731
0
2728
0
2727
0
2734
0
2734
0
2725
0
2742
0
2730
0
2741
0
2736
0
2746
0
2740
0
2751
0
2746
0
2741
0
2747
0
2746
0
2741
0
2750
0
2747
0
2741
0
2760
0
2746
0
2757
0
2746
0
2751
0
2741
0
2755
0
2734
0
2753
0
2740
0
2746
0
2725
0
2750
0
2730
0
2741
0
2734
0
2734
0
2725
0
2738
0
2730
0
2725
0
2734
0
2730
0
2725
0
2724
0
2728
0
2717
0
2724
0
2714
0
2717
0
2710
0
2714
0
2704
0
2710
0
2698
0
2705
0
2694
0
2698
0
2685
0
2696
0
2690
0
2685
0
2694
0
2682
0
2685
0
2682
0
2690
0
2677
0
2686
0
2666
0
2677
0
2668
0
2670
0
2661
0
2672
0
2658
0
2661
0
2654
0
2666
0
2645
0
2664
0
2650
0
2655
0
2648
0
2658
0
2653
0
2655
0
2658
0
2645
0
2656
0
2650
0
2653
0
2650
0
2656
0
2645
0
2658
0
2638
0
2647
0
2644
0
2656
0
2644
0
2654
0
2638
0
2653
0
2650
0
2656
0
2645
0
2656
0
2658
0
2647
0
2663
0
2656
0
2661
0
2658
0
2666
0
2653
0
2668
0
2658
0
2663
0
2658
0
2666
0
2653
0
2672
0
2658
0
2677
0
2666
0
2670
0
2661
0
2678
0
2666
0
2677
0
2678
0
2670
0
2677
0
2679
0
2682
0
2677
0
2686
0
2682
0
2685
0
2680
0
2690
0
2677
0
2690
32689
2682
32767
2685
32767
2679
32767
2690
0
2677
0
2688
32689
2682
0
2685
0
2686
0
2688
0
2685
0
2688
0
2696
0
2685
0
2696
0
2688
0
2693
0
2688
0
2696
0
2677
0
2696
0
2682
0
2693
0
2682
0
2698
0
2677
0
2696
0
2682
0
2687
0
2684
0
2696
0
2677
0
2690
0
2690
0
2685
0
2694
0
2690
0
2685
0
2688
0
2696
0
2679
0
2691
0
2682
0
2685
0
2682
0
2690
0
2677
0
2689
32689
2670
0
2677
32689
2678
0
2688
0
2677
0
2683
32689
2666
0
2677
0
2687
32689
2680
0
2679
22042
2676
0
2682
0
2677
0
2682
32767
2666
32689
2677
32689
2674
32767
2688
3
2661
32689
2682
0
2666
3
2677
32689
2664
32689
2682
32689
2669
32689
2682
0
2666
32689
2677
32767
2668
0
2667
0
2677
32689
2674
32689
2670
3
2673
22042
2682
32767
2666
0
2677
0
2671
0
2671
0
2672
0
2678
0
2666
0
2676
0
2668
0
2670
0
2661
0
2678
0
2666
0
2676
0
2668
0
2666
0
2663
0
2674
0
2670
32689
2663
22042
2680
32689
2666
0
2677
32689
2670
32767
2670
0
2663
32689
2682
0
2666
0
2677
32767
2666
0
2682
0
2661
0
2680
0
2666
0
2677
32689
2674
32767
2682
32767
2673
32767
2683
0
2670
0
2677
0
2688
0
2682
32689
2685
32767
2688
0
2690
50397442
2685
0
2699
1
2696
0
2693
0
2692
0
2698
3670080
2693
4718665
2707
4
2698
0
2709
0
2706
0
2714
0
2709
0
2718
0
2714
4
2717
0
2730
0
2722
0
2727
0
2732
0
2734
0
2725
5
2744
0
2731
0
2741
0
2738
0
2746
0
2740
0
2754
6
2734
0
2753
0
2744
0
2751
0
2741
0
2758
0
2746
6
2757
0
2750
0
2750
0
2757
0
2758
0
2751
0
2756
4
2760
0
2746
0
2757
0
2752
0
2746
0
2741
0
2754
4
2746
0
2752
0
2736
0
2746
0
2733
0
2744
0
2730
4
2736
0
2730
0
2730
0
2719
0
2726
0
2730
0
2717
6
2728
0
2720
0
2717
0
2715
32767
2722
32767
2708
0
2715
32689
2698
32767
2709
32689
2698
32689
2702
0
2685
32689
2703
0
2688
32767
2693
32689
2688
32689
2690
32689
2677
32689
2688
32767
2667
32767
2677
0
2683
32689
2670
32767
2677
32767
2674
32689
2670
32689
2672
32767
2674
32689
2666
0
2663
32689
2664
32689
2666
0
2653
0
2664
32689
2658
0
2655
32689
2648
32689
2658
32689
2645
32689
2656
32689
2650
32767
2645
32689
2646
32767
2650
32767
2647
32689
2646
0
2656
0
2645
32689
2658
32689
2638
0
2653
32689
2646
32767
2658
32689
2644
32689
2656
0
2638
32689
2653
0
2644
32689
2656
0
2641
0
2657
0
2648
32689
2653
32689
2648
1
2658
32767
2645
32767
2658
32689
2658
0
2653
32767
2663
32689
2658
0
2661
32689
2662
32689
2666
32689
2661
0
2666
0
2664
0
2663
32767
2664
32
2666
0
2655
0
2670
32689
2666
32767
2676
0
2666
32689
2666
32689
2663
8
2678
32689
2666
0
2676
32689
2683
32689
2670
32689
2685
32767
2678
0
2688
32767
2677
0
2690
0
2670
0
2685
32689
2678
32689
2690
32767
2677
32689
2690
32689
2670
32689
2685
32689
2675
0
2690
0
2677
32689
2690
32689
2682
0
2685
32689
2680
0
2690
0
2685
0
2688
0
2690
0
2677
0
2691
0
2690
0
2685
2442
2684
0
2690
32689
2677
32689
2690
32689
2682
32767
2685
32689
2679
0
2690
0
2673
0
2688
32689
2671
32689
2685
0
2676
32689
2682
32689
2677
32689
2682
0
2688
0
2677
32767
2688
0
2671
32689
2685
32767
2678
32767
2688
32689
2677
0
2690
32767
2666
0
2679
32767
2674
0
2682
32689
2672
0
2683
0
2666
32689
2677
0
2674
0
2682
32689
2663
32767
2680
32767
2666
32689
2677
0
2678
32689
2667
0
2677
32767
2675
0
2670
0
2663
0
2675
32689
2666
32689
2673
0
2668
32767
2666
32767
2661
32689
2675
0
2664
0
2672
32767
2661
0
2666
0
2661
32767
2668
32689
2664
0
2661
0
2662
0
2666
0
2663
0
2665
32689
2666
32767
2661
0
2670
0
2658
22042
